429511
63 11
32932 1
32946 3
32955 1
32961 1
32972 3
33019 1
33165 1
33184 3
33222 53
33240 2
33245 4
33255 9
33261 1
33359 2
33389 16
33403 2
33466 3
33500 1
33522 3
33654 11
33656 3
33660 1
33735 1
33772 1
33778 2
33872 5
33897 1
33923 1
33946 3
33957 1
33969 5
33992 1
34147 1
34210 2
34228 34
34244 1
34252 4
34274 2
34372 1
34409 3
34518 1
34704 177
34708 1
34718 1
34737 1
34766 4
34770 6
34774 3
34920 1
34935 1
34947 6
34963 1
35029 2
35060 4
35148 1
35208 1
35211 2
35221 1
35224 2
35225 1
35228 1
35232 42
35244 6
35249 4
35251 7
35254 2
35278 2
35283 4
35287 1
35289 2
35293 2
35305 1
35306 1
35309 6
35321 8
35326 1
35421 25
35428 1
35430 1
35440 2
35445 5
35452 9
35460 4
35472 2
35485 1
35487 8
35488 13
35494 2
35513 2
35527 1
35540 1
35546 1
35556 8
35560 1
35575 2
35651 1
35657 1
35663 5
35667 58
35673 2
35691 1
35692 1
35703 1
35714 2
35738 1
35817 3
35908 1
35913 1
35914 1
35947 1
35964 1
35979 1
35989 2
35995 2
36025 1
36034 1
36168 1
36298 1
36437 1
36438 1
36440 1
36480 1
36505 1
36522 46
36538 1
36587 1
36600 1
36707 1
36738 2
36774 1
36793 1
36795 3
36827 1
36832 1
36854 2
36987 1
36995 1
37019 1
37048 1
37070 1
37073 1
37199 2
37219 1
37226 1
37235 2
37457 1
37565 1
37845 1
37861 1
38020 211
38025 2
38033 1
38039 1
38060 1
38070 1
38087 1
38099 7
38100 1
38103 1
38116 1
38136 1
38212 19
38214 22
38215 1
38222 2
38224 2
38243 22
38247 1
38249 6
38274 1
38278 2
38308 1
38329 1
38368 2
38382 1
38385 1
38506 3
38543 1
38545 1
38546 1
38553 1
38581 1
38638 1
38646 3
38651 1
38654 2
38743 1
38755 3
38769 1
38839 3
38865 1
38885 2
38976 1
39000 1
39016 1
39020 2
39086 1
39126 1
39136 1
39240 6
39244 1
39274 1
39408 1
39416 2
39422 1
39496 5
39559 2
39589 4
39590 1
39593 2
39603 47
39607 2
39615 14
39617 1
39621 1
39623 4
39631 4
39664 13
39744 1
39746 1
39747 2
39753 1
39766 33
39778 2
39780 5
39784 12
39795 1
39797 1
39798 3
39812 13
39816 1
39823 24
39825 8
39837 1
39839 1
39841 4
39854 5
39855 1
39858 1
39893 4
39929 1
40011 1
40012 2
40018 21
40021 26
40027 1
40029 6
40031 11
40032 1
40035 8
40042 1
40044 1
40047 1
40051 12
40076 1
40077 2
40111 1
40117 1
40119 2
40123 1
40137 7
40183 6
40264 1
40317 3
40330 1
40341 1
40353 1
40375 1
40393 6
40404 32
40411 3
40412 1
40413 1
40431 1
40439 1
40442 2
40541 2
40561 1
40563 5
40564 1
40565 2
40593 3
40603 6
40604 4
40632 1
40641 2
40662 11
40674 2
40679 1
40686 1
40694 4
40698 1
40700 4
40768 41
40783 5
40810 19
40827 13
40887 1
41028 66
41038 1
41080 1
41643 1
43649 1
43657 1
43665 14
43672 44
43678 1
43868 1
43869 12
43870 5
43871 19
43872 2
43877 2
43880 717
43881 29
43884 2
43885 6
43892 1
43898 1
43900 4
43901 1
43918 1
43921 4
43922 2
43923 3
43929 3
44098 168
44101 1
44104 11
44106 2
44108 31
44111 1
44112 1
44113 23
44120 1
44129 1
44130 5
44134 9
44135 9
44137 6
44139 7
44146 13
44149 76
44150 1
44162 1
44170 1
44359 1
44367 1
44368 1
44370 1
44373 2
44378 102
44379 19
44385 1
44404 3
44406 4
44410 4
44639 1
44640 2
44657 1
44659 4
44930 3
44961 1
44962 16
44963 7
44965 2
44968 2
44970 66
44972 685
44974 359
44978 1135
44980 1
44982 5
44986 3
44987 14
44989 21
44991 3
44992 3
44993 70
44994 18
44996 6
45001 1
45002 79
45003 23
45005 5
45006 2
45007 3
45011 56
45015 696
45016 74
45017 23
45019 3
45024 438
45027 2
45030 2
45031 1
45033 1
45037 1
45038 6
45039 7
45040 1
45041 4
45044 1
45049 1
45050 26
45051 1
45052 857
45053 3
45171 1
45178 13
45189 1
45199 2
45206 2
45217 38
45219 19
45221 7
45222 297
45223 1
45225 1
45227 101
45233 28
45234 1
45236 581
45237 4
45238 15
45240 3
45242 2
45244 1
45246 10
45256 6
45257 1
45258 5
45260 594
45263 510
45266 1
45267 2
45272 1
45274 3
45277 5
45279 89
45283 2
45284 2
45286 4
45290 3
45291 2
45293 2
45296 5
45298 70
45299 23
45301 17
45302 3
45304 21
45305 509
45307 5
45308 14
45310 53
45406 1
45410 1
45436 13
45474 2
45475 4
45477 5
45478 1
45480 93
45481 129
45483 5
45484 1
45485 1
45486 24
45487 4
45488 15
45491 9
45492 37
45495 500
45497 4
45498 36
45499 16
45500 21
45501 14
45502 5
45508 3
45509 19
45510 7
45513 156
45514 289
45515 3
45516 977
45518 1
45523 131
45524 486
45527 2
45528 4
45531 1
45532 985
45533 55
45535 6
45536 1
45537 4
45541 2
45542 1
45544 120
45545 21
45551 12
45553 660
45556 1
45557 94
45558 2
45560 6
45561 18
45562 1
45563 21
45565 24
45653 3
45664 1
45730 11
45731 739
45732 48
45736 1
45737 185
45738 7
45739 6
45740 62
45742 10
45743 41
45745 6
45746 3
45747 13
45748 1
45749 2
45751 3
45753 1
45754 14
45756 5
45757 423
45758 23
45759 845
45760 12
45761 9
45762 1031
45763 4
45764 2
45766 6
45767 34
45768 22
45769 428
45770 67
45771 1
45772 1112
45774 53
45775 55
45776 39
45777 3
45778 2
45779 7
45780 3
45781 1
45784 958
45785 13
45786 2
45787 17
45788 3
45790 23
45791 11
45792 10
45795 2
45796 9
45797 1
45798 9
45799 24
45800 11
45801 2
45802 2
45805 2
45806 3
45807 8
45809 2
45810 1
45811 2
45813 31
45814 41
45816 3
45817 4
45819 3
45822 195
45895 1
45985 1
45986 131
45989 2
45990 4
45992 52
45993 2
45995 23
45998 4
46000 1
46001 3
46002 30
46004 4
46005 8
46009 1
46010 594
46011 48
46012 4
46013 2
46014 333
46015 84
46018 10
46020 11
46021 2
46022 1
46023 7
46024 64
46025 1
46026 41
46027 5
46028 8
46029 3
46030 45
46031 91
46032 6
46034 3
46035 25
46036 251
46037 1
46039 1
46041 5
46046 994
46047 38
46048 1
46052 229
46053 2
46054 21
46055 39
46057 1
46061 2
46063 35
46066 1
46067 49
46068 3
46071 902
46072 2
46074 21
46075 2
46077 4
46164 1
46208 3
46226 3
46244 1607
46245 676
46246 1
46249 25
46252 3
46253 9
46255 1
46256 1
46257 2
46259 497
46260 8
46265 22
46267 8
46269 1
46270 9
46272 15
46274 106
46275 3
46276 1
46278 3
46279 18
46280 1
46283 986
46285 2
46286 1
46287 98
46289 24
46290 11
46291 46
46292 407
46293 12
46296 3
46297 12
46298 2
46299 6
46300 13
46301 1
46302 32
46305 3
46306 1
46307 6
46308 12
46311 1
46312 15
46313 13
46318 2
46323 308
46330 7
46331 262
46333 1
46334 3
46447 1
46448 3
46452 81
46454 25
46497 1395
46499 14
46501 1
46502 9
46504 2
46506 2
46507 141
46508 157
46509 1009
46510 4
46511 1
46512 8
46513 12
46514 10
46517 4
46521 50
46522 2
46524 13
46526 1
46527 1
46529 1
46530 22
46533 1130
46535 2
46536 3
46539 23
46542 842
46545 1
46546 1
46548 4
46552 1
46559 1
46560 40
46562 3
46564 673
46566 3
46570 3
46571 6
46572 1
46573 1
46574 6
46576 95
46581 7
46583 300
46584 17
46585 284
46586 3
46587 71
46590 227
46658 1
46681 1
46754 10
46757 18
46759 4
46760 3
46761 6
46762 91
46763 313
46764 1
46766 54
46767 4
46768 13
46769 33
46770 588
46771 3
46772 10
46774 956
46777 2
46778 9
46780 1048
46781 998
46783 136
46784 1
46785 2
46786 10
46788 8
46789 5
46790 933
46791 45
46792 1
46793 226
46794 1
46796 1
46798 1
46801 387
46802 384
46806 25
46807 1
46809 1
46810 17
46811 19
46813 11
46817 72
46818 33
46819 91
46820 1
46821 32
46822 15
46823 73
46826 9
46827 1008
46829 1
46830 8
46831 601
46832 2
46834 2
46838 9
46843 95
46844 12
46846 1
46950 1
46991 1
46994 1
47009 8
47010 16
47011 95
47012 2
47013 50
47014 9
47015 3
47021 2
47025 1
47026 9
47027 2
47029 592
47030 994
47033 1
47034 7
47035 328
47042 1
47044 7
47045 1
47047 15
47048 4
47049 34
47050 699
47054 1
47056 2
47061 13
47065 1
47067 1
47069 5
47070 7
47071 1033
47072 1
47076 3
47077 1
47078 1
47079 7
47080 100
47081 13
47082 47
47083 7
47087 3
47088 591
47089 160
47091 6
47093 9
47094 6
47095 10
47096 1
47097 8
47099 8
47100 2
47101 6
47168 1
47244 1
47266 51
47267 3
47270 2
47271 10
47272 542
47275 4
47276 52
47277 51
47278 47
47280 10
47281 392
47282 4
47284 16
47286 1
47291 1
47293 2
47299 10
47300 1
47301 41
47303 1
47304 178
47305 2
47307 801
47308 1
47311 2
47314 1
47320 774
47321 4
47322 26
47323 5
47324 371
47326 63
47328 29
47329 5
47330 60
47331 56
47333 55
47335 27
47337 3
47338 1
47339 124
47341 1
47343 2
47344 340
47347 94
47351 2
47353 990
47354 203
47355 102
47357 4
47358 11
47444 1
47466 1
47522 3
47523 509
47526 1
47528 31
47530 7
47531 939
47532 241
47533 2485
47534 207
47535 186
47536 1
47537 1
47538 53
47539 1
47540 1
47541 39
47542 1
47543 1
47544 11
47545 2
47546 13
47548 52
47549 41
47550 1
47552 25
47553 1
47554 735
47555 89
47558 160
47561 267
47562 2
47563 7
47564 79
47565 643
47566 1044
47567 48
47568 1
47571 29
47573 27
47575 41
47576 662
47584 1
47586 14
47587 43
47589 2
47590 1
47591 207
47592 118
47593 613
47594 114
47595 36
47596 819
47598 874
47601 21
47603 6
47605 6
47606 1
47607 35
47610 990
47612 1
47614 12
47710 3
47778 4
47782 2
47783 3
47784 273
47785 10
47786 693
47788 6
47789 43
47790 2
47791 10
47792 1
47793 21
47795 124
47796 3
47797 3
47798 246
47799 61
47800 19
47802 21
47803 8
47805 2
47808 45
47809 18
47810 22
47811 81
47812 1
47814 997
47817 69
47818 2
47819 66
47821 3
47826 13
47828 101
47829 6
47830 25
47832 11
47834 1
47835 1358
47836 476
47837 910
47838 1
47841 93
47843 18
47844 5
47845 1
47846 30
47848 10
47852 2
47855 1
47856 31
47860 90
47861 2
47865 5
47868 2
47869 1
47870 1
48002 1
48003 1
48035 2
48036 7
48039 696
48040 2
48042 179
48043 1
48047 3
48048 24
48050 2
48051 2
48052 16
48054 3
48055 2
48056 2
48058 5
48059 52
48060 1
48061 43
48062 258
48063 5
48065 2
48067 14
48068 1
48069 1
48070 9
48071 6
48072 1
48074 7
48076 43
48077 736
48078 1321
48079 18
48081 2167
48082 432
48083 36
48085 1
48086 822
48087 4
48089 2
48090 6
48092 1
48093 1
48094 2
48097 6
48098 4
48100 2
48101 2
48102 1
48106 4
48107 12
48108 1
48114 15
48115 10
48116 1
48118 4
48120 6
48123 12
48124 3
48125 1
48126 3
48258 8
48289 47
48290 1
48291 19
48293 38
48294 7
48296 119
48298 1173
48300 1
48301 930
48302 3
48303 1000
48305 1
48310 5
48311 4
48313 295
48315 13
48318 20
48319 617
48323 19
48324 15
48327 1
48329 29
48330 2
48332 1
48334 5
48336 10
48340 5
48343 4
48346 7
48347 8
48348 219
48349 66
48350 1
48351 34
48352 1125
48353 7
48354 132
48355 64
48356 2
48357 14
48359 1
48360 5
48365 285
48367 13
48368 1147
48369 50
48370 59
48371 1
48372 1
48373 538
48374 3
48375 339
48376 27
48377 76
48378 56
48380 5
48381 1
48545 3
48546 20
48547 538
48548 8
48549 13
48550 9
48551 272
48553 38
48555 9
48557 18
48558 95
48559 2
48560 239
48562 1447
48563 21
48564 83
48565 25
48566 1
48568 264
48569 5
48570 18
48571 37
48572 13
48577 20
48578 1
48579 10
48581 24
48582 14
48584 1
48585 1
48587 1
48588 1
48589 7
48591 62
48595 2
48596 2
48597 271
48601 1
48603 5
48604 2
48605 3
48606 1
48607 14
48612 1
48615 2
48616 2
48617 108
48618 721
48619 39
48620 16
48621 13
48622 107
48628 1
48629 13
48630 1
48631 4
48632 2
48633 28
48634 2
48635 23
48636 51
48637 495
48638 49
48730 1
48735 1
48801 383
48802 6
48803 24
48804 41
48805 14
48807 1
48808 13
48809 4
48810 18
48812 19
48813 96
48816 1
48818 10
48819 5
48820 6
48821 848
48823 2
48825 1
48826 26
48828 3
48832 7
48833 12
48834 280
48835 2
48838 18
48841 779
48842 7
48843 14
48844 4
48849 5
48850 5
48853 5
48855 727
48858 18
48859 41
48860 72
48864 2
48866 4
48876 1
48877 1
48879 2
48885 1
48886 11
48889 29
48891 60
48892 5
49058 4
49060 87
49061 14
49065 7
49067 2
49069 12
49072 15
49074 3
49075 12
49076 36
49077 748
49078 1035
49080 1
49082 229
49083 257
49084 872
49085 99
49086 1
49088 77
49090 188
49091 4
49093 18
49097 30
49098 32
49099 7
49101 12
49103 4
49104 3
49107 13
49109 9
49110 741
49111 522
49112 20
49113 1071
49114 30
49117 6
49120 8
49122 13
49124 57
49125 10
49126 12
49128 871
49129 145
49131 32
49132 1
49133 16
49134 1080
49135 13
49136 26
49137 24
49138 683
49139 108
49140 3
49141 6
49142 1819
49143 3
49144 4
49145 70
49146 10
49147 730
49148 6
49149 2
49150 241
49276 1
49288 11
49290 1
49314 147
49315 3
49316 41
49317 3
49318 58
49319 15
49321 4
49322 7
49323 432
49324 58
49326 10
49327 28
49328 24
49329 15
49330 6
49332 4
49333 153
49334 2
49335 1
49338 1016
49339 7
49340 55
49345 30
49346 9
49348 3
49349 1
49353 1
49355 3
49358 999
49359 2
49360 8
49362 1
49365 1587
49366 1389
49367 3
49368 187
49369 7
49370 22
49371 87
49372 103
49373 1
49375 13
49376 1
49377 1063
49378 352
49379 9
49380 126
49381 153
49382 487
49383 15
49384 572
49385 880
49386 5
49387 12
49388 4
49389 1
49390 68
49391 1
49392 2
49393 13
49394 39
49396 1
49397 408
49399 38
49400 348
49401 35
49402 722
49403 49
49405 1
49487 1
49512 9
49528 1
49569 13
49570 4
49571 6
49572 143
49573 1
49574 91
49579 389
49580 976
49582 35
49583 42
49584 10
49586 2
49587 703
49588 1
49589 65
49590 356
49591 915
49593 7
49594 43
49595 6
49596 8
49597 826
49599 2
49600 878
49602 3
49603 2
49607 2
49609 15
49612 52
49613 2
49615 1
49619 1
49620 3
49621 2
49623 46
49624 2
49625 6
49626 7
49628 5
49629 17
49630 1036
49632 2
49633 1
49635 1
49636 13
49637 155
49638 74
49639 4
49641 584
49642 18
49643 2
49644 1
49645 1015
49646 3
49649 2
49650 8
49651 224
49653 3
49654 5
49655 3
49656 17
49657 2
49658 77
49659 544
49660 712
49661 2
49662 103
49745 2
49772 2
49789 1
49809 15
49825 5
49826 2
49827 1
49828 2
49832 2
49833 8
49834 6
49835 1215
49836 15
49838 17
49839 50
49842 7
49845 296
49846 39
49847 1373
49852 24
49853 21
49854 34
49855 9
49856 1446
49857 2
49858 51
49859 70
49860 224
49861 11
49863 2
49864 407
49865 60
49866 37
49867 6
49868 1
49870 1581
49871 872
49875 5
49876 4
49877 1
49878 1
49879 141
49880 4
49881 5
49882 10
49883 47
49884 41
49885 16
49886 8
49887 2
49888 139
49889 4
49890 5
49891 1
49892 5
49894 1
49895 793
49896 4
49898 311
49899 11
49900 44
49902 372
49905 29
49908 718
49909 1
49910 3
49911 516
49913 57
49914 159
49915 49
49916 5
50020 1
50033 1
50080 1
50081 39
50084 4
50087 4
50088 2
50089 11
50090 614
50091 211
50092 40
50093 67
50094 7
50096 10
50097 1
50098 97
50099 19
50101 24
50104 2
50106 18
50107 9
50108 5
50109 172
50110 115
50112 14
50113 57
50114 942
50116 1
50118 2
50119 12
50120 768
50121 21
50123 62
50124 1
50125 4
50126 5
50127 619
50128 80
50129 3
50134 2
50135 17
50136 12
50139 96
50140 36
50141 810
50142 413
50143 510
50144 1
50145 203
50147 2
50152 1
50153 1
50154 22
50155 1
50156 4
50157 2
50158 148
50159 3
50161 1
50164 917
50165 8
50169 3
50170 1
50171 25
50172 1
50173 261
50174 981
50301 7
50338 66
50339 543
50341 10
50342 3
50344 12
50345 369
50346 5
50347 12
50349 1
50350 389
50351 51
50357 518
50359 22
50360 80
50361 2
50362 208
50365 2
50370 2
50371 114
50373 3
50374 1
50376 1
50377 5
50378 3
50379 1011
50381 1
50382 90
50383 13
50385 1
50386 1
50387 296
50388 2
50390 1
50392 8
50394 2
50396 1
50397 1
50400 219
50401 146
50405 483
50406 294
50412 3
50413 1142
50414 21
50415 8
50417 2
50419 25
50420 87
50421 1
50422 1
50425 2
50426 1
50428 1
50429 79
50430 3
50527 1
50554 1
50579 1
50589 1
50596 914
50597 20
50598 2
50599 6
50602 1
50603 2
50604 10
50606 242
50612 12
50613 6
50615 138
50616 6
50617 6
50618 8
50619 517
50620 875
50621 303
50622 8
50623 13
50624 12
50625 16
50626 4
50628 2
50629 1
50630 3
50635 1
50636 20
50638 3
50639 11
50640 212
50641 1616
50642 6
50643 4
50644 4
50645 3
50646 46
50647 6
50649 3
50650 11
50651 1
50652 16
50653 84
50654 9
50655 45
50657 16
50658 3
50659 2
50660 27
50661 75
50662 71
50663 1
50664 1
50665 34
50666 15
50667 834
50668 14
50669 10
50670 579
50671 2
50672 4
50673 2
50676 64
50682 1
50685 10
50686 1
50757 1
50759 1
50761 1
50765 24
50772 6
50779 2
50797 1
50802 2
50809 1
50816 1
50831 22
50833 1
50849 4
50850 22
50853 4
50854 2
50855 184
50857 2
50858 18
50859 40
50860 8
50861 1
50862 604
50864 11
50865 9
50866 11
50867 4
50869 1
50870 11
50873 1
50877 3
50878 25
50879 58
50881 1
50883 2
50884 4
50885 6
50887 748
50888 8
50889 409
50890 1
50892 9
50893 2
50894 39
50895 2
50897 15
50898 5
50901 46
50903 12
50904 736
50905 648
50906 46
50907 332
50909 43
50911 255
50912 299
50913 4
50915 11
50916 165
50917 763
50919 1270
50920 1
50921 48
50922 7
50923 6
50924 113
50925 809
50926 3
50927 716
50928 21
50929 1018
50930 12
50931 1
50932 3
50933 4
50935 12
50938 149
50940 149
50942 5
51017 17
51027 1
51036 1
51038 1
51039 7
51051 1
51053 2
51057 7
51058 1
51060 5
51064 1
51102 6
51105 4
51106 5
51109 1
51112 27
51114 42
51115 33
51119 3
51120 5
51124 23
51125 160
51128 4
51129 6
51130 135
51131 703
51132 48
51133 324
51134 13
51137 38
51138 1
51140 51
51142 1
51145 2
51146 59
51147 358
51148 2
51149 7
51150 1006
51151 1
51153 11
51156 7
51157 22
51158 3
51159 4
51160 556
51161 1606
51162 18
51163 15
51164 37
51165 188
51166 1
51168 2
51169 331
51171 1181
51173 17
51174 3
51175 744
51177 2
51178 133
51179 1
51182 562
51183 990
51184 558
51185 108
51186 11
51187 170
51188 1359
51191 1
51192 4
51195 9
51196 60
51197 85
51265 11
51274 1
51277 1
51299 173
51311 1
51326 4
51336 1
51343 1
51358 20
51361 2
51363 215
51365 1
51368 1
51369 22
51370 6
51371 5
51373 81
51375 646
51376 2
51378 17
51379 78
51380 5
51381 12
51384 2
51386 736
51388 116
51389 53
51390 1
51392 3
51393 17
51395 5
51396 52
51397 1
51398 117
51399 46
51400 3
51401 6
51403 1
51404 93
51405 4
51407 49
51408 1150
51409 238
51412 5
51414 8
51415 60
51416 107
51417 110
51419 600
51420 44
51424 4
51426 1
51429 1
51430 3
51431 1
51433 3
51434 432
51438 15
51439 2
51442 794
51444 3
51446 27
51447 8
51449 7
51450 27
51451 21
51453 39
51552 5
51561 1
51579 1
51584 1
51595 5
51600 11
51605 3
51617 4
51618 398
51619 1
51620 36
51621 56
51622 85
51623 2
51624 1
51625 464
51626 43
51627 2592
51630 17
51631 81
51633 469
51634 7
51635 1
51637 3
51638 28
51639 614
51643 1
51645 9
51647 26
51648 100
51649 1
51652 4
51653 1
51654 1
51655 2
51658 3
51659 12
51661 6
51662 33
51663 22
51664 3
51665 33
51666 1
51668 5
51669 14
51670 9
51671 3
51672 11
51673 4
51675 2
51677 1
51678 1
51679 1
51680 1
51682 17
51683 70
51685 14
51686 1443
51687 858
51688 2
51689 356
51691 2
51692 16
51693 2
51695 12
51697 2
51698 4
51701 8
51702 2
51703 40
51704 20
51707 2
51708 2
51709 6
51710 1
51807 1
51830 1
51847 1
51850 1
51873 6
51874 2
51878 2
51879 43
51882 90
51883 219
51884 50
51885 7
51886 157
51887 3
51888 8
51891 37
51892 163
51893 7
51894 45
51895 8
51896 189
51897 99
51899 1
51900 2331
51901 6
51902 417
51903 78
51904 3
51906 15
51907 9
51908 35
51909 16
51910 2
51911 8
51912 2
51913 47
51916 17
51917 1
51918 1025
51919 2
51925 1159
51926 3
51927 1
51928 181
51929 1
51930 3
51933 2
51934 282
51935 2
51937 1
51940 13
51941 2
51942 4
51943 1
51944 50
51945 1
51946 1
51947 35
51950 12
51951 999
51953 2
51959 766
51960 2
51961 3
51963 11
51964 2
51966 4
52034 1
52043 1
52056 1
52080 1
52091 1
52109 1
52134 21
52135 2
52136 3
52137 10
52139 9
52140 1
52141 5
52146 77
52148 8
52150 3
52151 1041
52152 858
52154 4
52158 2
52159 2
52160 641
52161 7
52163 5
52164 55
52165 8
52166 1003
52167 44
52168 6
52170 5
52173 3
52174 38
52175 5
52176 1
52177 3
52178 166
52180 9
52181 619
52182 5
52183 1
52185 54
52186 35
52188 9
52193 1
52195 5
52203 26
52204 356
52205 29
52207 1189
52208 468
52209 307
52210 1
52211 1
52212 3
52214 5
52218 2
52220 232
52221 22
52222 1
52333 4
52385 58
52386 53
52387 7
52388 473
52389 89
52390 1
52392 4
52393 425
52395 118
52396 45
52397 6
52398 2474
52399 644
52402 3
52403 1
52407 7
52409 6
52412 11
52413 2
52415 206
52416 12
52417 8
52419 16
52420 1
52421 3
52422 2
52423 1
52424 2
52427 1
52428 2
52432 1
52433 6
52435 1
52437 1
52438 5
52440 16
52443 1
52445 1
52446 7
52447 23
52449 2
52452 3
52453 8
52456 51
52459 7
52460 1
52461 25
52462 4
52463 15
52464 659
52465 877
52466 582
52468 841
52469 1040
52473 4
52474 15
52475 32
52476 16
52478 15
52641 17
52642 163
52643 1
52644 651
52646 1
52647 13
52648 97
52649 59
52650 31
52651 16
52652 122
52653 25
52654 11
52655 4
52656 155
52657 2
52658 8
52659 11
52660 28
52661 184
52662 7
52664 2
52666 1214
52667 1
52670 2
52671 6
52672 113
52674 704
52675 7
52676 1604
52677 65
52678 80
52679 15
52680 14
52681 3
52682 30
52684 803
52688 1
52689 4
52692 2
52694 9
52695 33
52698 11
52701 6
52702 7
52703 23
52704 22
52705 2
52706 997
52708 695
52709 16
52711 6
52712 12
52713 361
52717 7
52718 6
52720 22
52722 5
52723 3
52724 36
52725 870
52726 33
52727 109
52729 5
52730 66
52732 1
52733 19
52897 8
52898 1
52899 602
52900 8
52901 2
52902 280
52903 121
52904 1
52905 35
52906 237
52907 398
52908 43
52909 20
52910 63
52911 93
52912 820
52913 1
52914 113
52915 4
52916 3
52917 13
52918 1
52919 4
52920 11
52921 1
52922 1
52924 1188
52927 1
52928 28
52930 55
52931 38
52932 1054
52933 5
52935 1
52936 21
52937 200
52938 18
52939 22
52940 9
52941 243
52942 13
52943 13
52944 30
52945 1
52946 31
52947 1
52948 15
52949 41
52951 17
52955 29
52956 6
52959 1
52960 76
52962 355
52963 540
52964 11
52965 6
52966 336
52967 9
52968 47
52969 91
52970 1
52971 15
52972 4
52973 10
52974 9
52975 3
52977 3
52978 807
52980 700
52981 1
52982 49
52987 8
52988 27
52989 6
52990 1505
53124 1
53153 1026
53154 36
53155 4
53156 1010
53157 36
53158 234
53159 7
53161 10
53176 5
53177 2
53178 2
53179 1022
53181 53
53182 736
53183 22
53184 2576
53185 393
53186 374
53187 160
53188 997
53189 31
53191 277
53195 102
53196 2
53199 222
53200 12
53201 6
53202 123
53203 294
53204 5
53205 2
53206 4
53208 1
53211 23
53212 945
53213 11
53214 39
53215 3
53216 1
53218 8
53219 908
53220 3
53221 30
53223 30
53225 3
53227 2
53228 1010
53229 1032
53230 3
53232 25
53233 213
53234 12
53235 28
53236 1
53237 60
53238 1
53239 19
53240 6
53241 1207
53242 22
53243 173
53244 1
53245 74
53246 79
53409 5
53411 9
53412 17
53414 660
53415 94
53417 1589
53419 6
53420 20
53422 14
53423 5
53424 18
53425 2
53428 4
53430 5
53432 38
53434 1
53435 1
53438 13
53439 7
53440 39
53442 2
53444 5
53445 2446
53447 331
53449 33
53452 77
53454 1
53455 674
53456 105
53458 85
53459 36
53460 193
53461 711
53462 387
53463 79
53464 19
53466 1
53468 48
53469 2
53470 1595
53471 12
53472 1880
53474 20
53475 70
53476 1
53477 290
53478 9
53479 7
53480 6
53483 12
53484 142
53485 2
53486 1115
53487 156
53488 23
53490 16
53491 258
53492 303
53494 9
53497 17
53498 17
53499 1
53500 1
53501 3
53502 1163
53609 1
53665 13
53666 324
53667 63
53668 1
53669 30
53670 1091
53674 3
53675 28
53676 5
53680 4
53681 14
53682 55
53683 5
53684 5
53685 42
53686 1163
53689 16
53690 3
53691 1734
53692 21
53695 187
53696 737
53697 1142
53698 45
53699 70
53700 7
53701 22
53702 6
53703 307
53704 8
53705 4
53706 51
53707 309
53708 4
53709 7
53710 4
53711 4
53712 32
53713 6
53714 28
53716 139
53717 917
53718 14
53719 671
53720 4
53721 87
53722 42
53724 28
53725 593
53726 4
53728 304
53729 10
53730 177
53731 96
53732 251
53733 100
53734 166
53735 80
53736 20
53737 14
53738 32
53739 62
53740 2
53741 113
53742 34
53743 9
53744 487
53745 259
53746 4
53747 857
53748 124
53749 11
53750 9
53751 64
53752 543
53753 4
53754 30
53755 34
53756 1077
53757 24
53758 5
53921 53
53922 773
53923 579
53924 187
53925 4
53926 72
53927 675
53928 1044
53929 40
53930 28
53931 85
53933 86
53934 37
53935 330
53936 114
53937 1623
53939 142
53940 1
53941 3
53946 18
53949 178
53950 124
53951 1
53952 141
53954 17
53955 3
53956 54
53957 209
53958 171
53959 4
53960 522
53961 13
53962 2
53964 3
53965 3
53966 785
53968 74
53969 85
53970 1
53971 83
53972 6
53973 11
53974 67
53975 83
53976 1
53977 11
53978 1099
53980 91
53981 57
53982 4
53983 22
53984 856
53985 787
53986 7
53987 22
53988 96
53989 154
53990 3
53991 4
53992 149
53993 17
53994 2933
53995 32
53996 56
53997 134
53998 766
53999 1024
54000 675
54001 1717
54002 3
54003 69
54004 62
54005 1
54007 178
54008 36
54009 8
54010 19
54011 3
54012 5
54013 78
54014 182
54154 2
54177 13
54178 16
54179 110
54180 4
54181 58
54182 2
54183 5
54184 22
54186 190
54187 2
54188 1032
54189 28
54190 7
54191 66
54192 80
54193 3
54194 93
54195 11
54196 214
54197 82
54198 61
54199 773
54200 5
54202 4
54203 10
54204 3
54205 120
54206 60
54207 94
54208 709
54209 7
54210 2028
54211 1121
54212 9
54213 37
54214 1234
54216 133
54218 114
54219 51
54220 807
54222 4
54223 514
54224 1
54225 14
54228 1
54231 1
54232 2
54233 17
54234 19
54238 19
54242 16
54244 2
54245 45
54246 2
54247 12
54248 4
54253 6
54254 41
54258 32
54259 392
54262 8
54264 1033
54349 3
54352 1
54362 2
54403 1
54417 4
54435 10
54436 14
54440 2
54441 1
54443 6
54444 13
54446 1
54450 115
54454 1
54455 8
54456 32
54457 17
54459 2
54460 478
54461 4
54462 3
54463 53
54464 10
54465 3
54466 150
54467 5
54468 2
54469 1021
54470 7
54473 9
54474 2
54476 2
54478 3
54480 9
54481 108
54483 14
54484 1441
54485 56
54486 2
54487 52
54488 2
54489 1
54490 26
54491 1
54492 172
54493 29
54495 8
54497 9
54499 1
54500 445
54502 195
54503 110
54505 76
54506 403
54507 9
54508 8
54509 6
54511 5
54512 5
54513 66
54514 6
54519 12
54521 2
54523 1
54524 5
54525 99
54526 77
54618 6
54689 4
54691 1033
54692 2
54693 450
54694 46
54695 13
54698 86
54700 7
54702 139
54703 12
54705 3
54706 10
54707 1
54710 17
54712 1
54713 2
54714 6
54716 21
54717 6
54718 154
54719 5
54721 10
54722 22
54723 2
54724 7
54725 11
54727 161
54728 1
54729 4
54730 1
54731 19
54732 8
54733 2
54734 25
54736 41
54737 1
54738 29
54739 966
54741 4
54744 10
54745 40
54746 1
54747 29
54748 1018
54749 10
54750 21
54752 1
54753 2
54758 1
54760 1
54761 118
54762 10
54763 28
54764 1030
54766 12
54769 866
54770 1
54771 30
54773 18
54775 3
54776 11
54777 4
54780 23
54781 1
54782 2
54874 1
54945 1
54946 1
54947 129
54952 7
54954 14
54955 6
54957 3
54959 409
54961 22
54963 2
54967 6
54971 2
54973 1
54974 5
54975 268
54976 28
54977 11
54978 13
54979 1
54980 1
54981 2
54982 10
54984 23
54985 20
54986 7
54987 637
54988 25
54989 12
54990 92
54991 1369
54992 17
54993 24
54994 2
54995 1732
54996 14
54998 6
55002 54
55005 1
55006 904
55010 1
55012 1
55013 8
55014 54
55015 9
55016 3
55018 1
55021 3
55022 1
55024 1
55025 2
55027 824
55028 5
55030 1
55031 1
55128 2
55185 1
55189 1
55203 74
55207 1
55208 2
55209 23
55219 1
55223 51
55225 169
55229 14
55230 3
55233 13
55235 3
55236 4
55237 9
55238 1
55240 3
55243 1
55247 1
55249 4
55251 1
55255 1
55260 1
55264 1
55265 36
55274 1
55277 9
55280 1
55288 21
55292 16
55293 6
55450 2
55457 439
55459 4
55460 30
55461 1
55463 35
55465 46
55466 11
55467 1
55468 15
55469 22
55470 2
55471 8
55474 1
55475 720
55476 4
55477 12
55478 4
55482 1
55483 834
55484 65
55486 11
55488 14
55491 5
55492 2
55497 1
55498 1
55499 1
55504 2
55506 18
55510 18
55511 21
55513 2
55514 14
55516 13
55517 6
55522 89
55523 10
55524 3
55526 2
55529 13
55531 1
55535 1
55538 2
55542 4
55543 1
55544 13
55546 1
55550 423
55634 1
55668 1
55713 3
55716 3
55721 5
55723 1
55726 1
55727 1
55728 4
55729 53
55733 3
55735 17
55737 7
55740 32
55742 4
55749 2
55757 22
55758 2
55760 1
55761 1
55763 3
55765 8
55767 9
55771 4
55774 16
55780 7
55782 1
55784 3
55785 1
55791 2
55795 159
55796 65
55797 2
55798 14
55799 80
55801 58
55802 6
55803 14
55804 4
55805 1
55806 73
55888 5
55891 6
55894 5
55895 12
55970 278
55976 12
55977 5
55978 8
55979 8
55980 284
55981 73
55984 3
55986 11
55987 17
55988 36
55989 6
55991 2
55995 2
55996 8
55997 8
55998 56
55999 12
56001 2
56002 2
56003 10
56005 2
56006 94
56007 43
56010 1
56012 1
56019 9
56021 4
56023 1
56026 2
56027 28
56031 62
56032 23
56036 13
56040 1
56043 21
56045 4
56046 2
56049 10
56051 8
56052 1
56056 12
56060 4
56062 2
56206 5
56228 30
56230 1
56231 8
56235 2
56236 5
56237 2
56240 2813
56242 819
56245 1
56246 1
56247 460
56249 7
56251 19
56252 30
56253 267
56254 18
56255 1032
56256 1
56257 1
56258 36
56259 6
56262 515
56263 241
56264 8
56266 2
56267 243
56269 20
56270 13
56275 36
56276 99
56283 80
56284 7
56286 69
56287 243
56288 32
56289 1
56291 5
56292 20
56293 2
56294 36
56295 915
56296 9
56297 1
56299 7
56300 1
56301 11
56303 205
56304 4
56305 5
56306 3
56307 9
56308 34
56309 26
56310 67
56311 30
56312 566
56313 2
56314 1
56315 1
56316 2
56317 4
56318 267
56481 13
56483 6
56484 5
56485 7
56486 12
56490 1
56492 189
56494 5
56495 52
56496 18
56501 3
56502 117
56503 60
56504 58
56506 868
56507 14
56508 290
56509 434
56510 2
56511 4
56512 165
56516 221
56517 29
56519 3
56525 3
56526 40
56530 474
56531 350
56533 1352
56538 20
56541 1
56542 12
56543 17
56544 45
56545 6
56547 276
56550 2314
56551 132
56552 13
56555 2
56556 4
56557 363
56558 3
56559 2
56563 5
56564 5
56566 7
56572 1
56574 72
56663 1
56696 1
56733 3
56737 135
56740 12
56741 117
56742 32
56744 23
56747 1
56748 118
56749 103
56750 1
56753 1139
56754 62
56755 33
56757 5
56759 73
56760 2
56761 16
56762 2
56763 9
56764 83
56767 90
56768 54
56769 1
56772 36
56774 3
56776 465
56777 454
56778 3
56780 1
56781 27
56786 1
56797 2
56798 5
56800 2
56801 6
56805 11
56807 2
56815 16
56826 4
56970 1
56979 2
56997 2
57006 100
57012 4
57021 3
57026 8
57034 2
57035 1
57036 4
57039 2
57045 1
57048 9
57051 1
57057 1
57058 1
57060 5
57067 1
57073 3
57078 4
57080 1
57209 3
57257 5
57259 14
57266 1
57267 12
57272 2
57277 6
57283 2
57288 1
57294 1
57300 1
57318 1
57326 2
57327 19
57328 4
57331 5
57332 1
57333 35
57334 8
57335 11
57336 11
57338 1
57341 26
57342 1
57427 5
57444 1
57447 9
57467 5
57505 12
57506 1
57507 3
57508 4
57510 7
57512 2
57513 5
57514 27
57515 3
57516 1
57519 706
57520 472
57523 51
57526 21
57527 7
57530 2
57531 7
57532 7
57533 20
57534 8
57535 28
57537 1
57538 2
57542 6
57545 8
57547 9
57548 2
57550 21
57554 115
57555 4
57556 5
57558 18
57559 9
57562 15
57563 1
57567 4
57568 5
57573 4
57574 3
57591 1
57666 1
57749 18
57762 8
57765 2
57766 3
57784 1
57785 4
57789 1
57792 1
57793 1
57794 1
57797 19
57817 9
57820 1
57823 3
57827 6
57828 5
57834 2
57842 1
57847 7
57848 76
57849 2194
57852 1
57853 31
57854 1
57922 3
57951 7
57956 6
57984 1
58001 2
58014 1
58017 10
58018 5
58022 3
58025 16
58031 3
58039 6
58042 21
58045 15
58046 1
58047 2
58048 1
58051 8
58054 556
58055 20
58056 9
58057 147
58060 3
58063 1
58064 1
58065 6
58067 7
58069 3
58070 15
58073 9
58074 12
58075 74
58083 32
58084 42
58085 240
58086 7
58088 1
58089 20
58091 99
58092 2
58096 5
58097 20
58099 25
58100 1
58102 23
58103 2
58104 62
58105 21
58106 7
58107 2
58108 158
58109 37
58110 1
58208 1
58233 1
58273 46
58276 3
58277 7
58278 3
58279 12
58280 2
58282 8
58283 4
58284 14
58285 18
58287 5
58288 1
58289 12
58290 86
58291 1
58292 22
58293 3
58296 47
58297 32
58298 1
58299 105
58301 10
58302 6
58303 523
58304 18
58305 30
58307 10
58312 4
58315 12
58317 1
58318 1
58320 12
58323 2
58326 86
58327 1
58328 199
58329 29
58330 28
58333 3
58334 1240
58335 1
58340 1
58342 11
58343 19
58345 4
58346 4
58347 23
58348 164
58349 1
58356 101
58357 1
58358 59
58360 5
58361 5
58363 1
58364 248
58366 20
58432 1
58442 1
58460 1
58461 5
58477 1
58512 1
58527 1
58530 25
58532 44
58533 4
58534 11
58535 10
58537 11
58538 16
58539 113
58541 32
58542 1
58543 49
58544 26
58548 9
58549 27
58550 35
58551 277
58552 16
58553 29
58554 56
58558 4
58560 6
58565 2
58566 10
58567 26
58568 12
58572 15
58574 3
58575 2
58576 54
58577 4
58582 18
58585 2
58586 1
58591 44
58592 47
58593 10
58595 75
58599 242
58601 5
58605 4
58613 4
58617 1
58618 666
58619 1869
58620 147
58708 1
58711 21
58716 1
58785 7
58786 3
58788 166
58789 322
58790 61
58791 130
58792 23
58793 547
58794 2
58795 751
58796 9
58797 599
58798 6
58799 242
58800 1
58801 31
58803 219
58805 706
58806 15
58807 49
58808 11
58809 3
58810 1010
58812 420
58813 4
58815 159
58817 4
58818 1007
58819 2076
58820 8
58822 1
58824 35
58825 14
58828 717
58829 168
58830 1
58831 41
58832 1
58833 1
58834 4
58835 2
58836 3
58839 34
58840 1
58842 8
58845 1
58849 1
58852 11
58854 15
58855 160
58856 13
58858 44
58859 6
58862 22
58863 21
58865 1
58866 7
58871 2
58872 3
58874 2
58875 10
58877 17
58878 29
58990 1
59041 29
59043 43
59047 4
59050 1
59053 2
59057 28
59058 290
59059 10
59066 21
59067 3
59069 7
59070 4
59071 5
59072 35
59073 8
59078 5
59079 4
59085 19
59087 28
59089 65
59091 1
59093 8
59099 2
59100 5
59103 3
59104 1
59105 89
59106 122
59108 69
59109 436
59110 253
59111 93
59112 53
59113 9
59114 29
59115 31
59116 104
59117 1
59118 12
59121 54
59122 7
59123 70
59124 88
59125 25
59126 7
59127 1562
59128 269
59129 553
59130 3
59131 38
59132 139
59133 14
59134 514
59238 1
59244 1
59256 1
59291 1
59295 3
59297 47
59298 5
59300 586
59301 57
59302 36
59303 20
59304 34
59305 16
59306 721
59308 550
59309 5
59310 40
59311 520
59312 4
59313 43
59314 44
59315 15
59316 709
59317 38
59320 27
59321 28
59322 28
59325 20
59327 1
59328 16
59329 5
59330 4
59331 18
59332 1
59334 1
59336 4
59337 1
59339 1
59340 67
59343 17
59344 29
59346 28
59350 29
59351 1
59353 2
59354 29
59357 44
59362 7
59365 43
59369 4
59371 76
59372 3
59373 15
59374 1
59375 35
59377 2
59378 85
59379 63
59383 1364
59385 9
59386 7
59387 2
59390 13
59553 3
59558 6
59562 511
59565 1
59569 4
59572 18
59575 4
59576 17
59577 8
59578 11
59579 10
59581 1
59583 9
59588 2
59589 101
59592 186
59593 2
59599 4
59600 9
59601 8
59604 7
59606 3
59608 12
59609 5
59610 4
59617 2
59620 1
59622 1
59625 3
59632 20
59634 3
59635 101
59639 5
59642 3
59643 14
59645 1
59718 3
59735 1
59809 11
59813 3
59824 82
59825 3
59826 25
59827 4
59828 1
59829 37
59835 106
59836 268
59839 1316
59840 79
59841 11
59842 1
59843 6
59845 225
59846 18
59849 51
59850 35
59852 637
59853 44
59855 382
59857 145
59859 4
59862 16
59863 5
59864 548
59866 3
59869 105
59871 11
59874 1
59880 1
59884 14
59886 2
59888 34
59899 40
59900 5
60035 9
60037 7
60046 4
60048 1
60075 1
60083 1
60085 1
60092 22
60094 5
60096 6
60101 10
60104 3
60106 1
60116 1
60121 1
60123 1
60126 11
60127 4
60134 1
60142 2
60148 1
60151 3
60152 21
60156 36
60278 8
60323 1
60324 7
60325 1
60327 315
60330 2
60335 1
60339 99
60341 99
60342 20
60343 16
60345 12
60346 1
60347 340
60349 373
60350 21
60351 112
60352 1
60357 77
60359 226
60362 81
60364 116
60365 106
60367 406
60371 183
60375 9
60376 1
60377 3
60378 128
60379 2
60380 1
60384 1
60386 5
60387 72
60388 56
60392 5
60393 17
60395 1
60397 27
60399 5
60401 5
60402 25
60403 6
60405 77
60406 5
60407 194
60408 3
60411 294
60412 179
60526 2
60527 4
60557 2
60578 1
60582 1
60583 5
60589 4
60592 280
60594 32
60595 4
60596 15
60597 370
60601 7
60606 9
60609 1
60611 104
60617 3
60620 28
60626 1
60635 1
60640 20
60643 1
60645 6
60649 1
60653 12
60656 1
60657 9
60659 1
60660 1
60664 3
60665 1
60750 1
60796 1
60833 4
60835 657
60843 4
60844 1
60846 2
60850 1
60852 4
60853 13
60854 1
60856 3
60863 1
60870 16
60872 17
60875 102
60876 1
60878 2
60879 1
60880 13
60884 5
60888 4
60890 1249
60893 4
60897 2
60900 12
60901 37
60903 7
60906 1
60908 13
60912 1
60913 6
60915 1
60917 31
60919 3
60920 28
60922 2
60924 18
60997 1
61069 1
61090 1
61091 28
61093 2
61094 20
61095 3
61096 4
61100 8
61102 2
61103 40
61108 1
61110 1
61114 2
61115 22
61119 3
61124 1
61125 1
61127 1
61128 73
61132 1
61137 7
61138 45
61140 1
61143 16
61144 2
61145 1
61147 9
61148 12
61151 11
61152 1
61153 7
61154 1
61156 25
61158 42
61159 1
61164 43
61165 1
61166 21
61172 6
61174 12
61175 20
61178 22
61181 1
61182 3
61255 2
61257 1
61276 1
61301 1
61303 1
61345 9
61346 4
61347 3
61349 299
61350 68
61351 3
61352 44
61353 89
61354 14
61355 4
61358 1
61360 25
61373 20
61375 9
61376 1
61378 1
61381 1
61384 8
61388 23
61392 344
61393 1
61397 3
61400 13
61401 2
61410 8
61419 1
61421 2
61424 2
61609 4
61617 6
61620 128
61621 2
61623 3
61626 209
61627 3
61638 13
61650 92
61651 1
61657 2
61662 17
61663 3
61664 19
61667 6
61670 11
61671 2
61672 7
61680 3
61685 2
61686 20
61687 24
61691 782
61693 53
61769 2
61857 14
61859 534
61861 3
61865 40
61866 43
61867 15
61871 1
61903 1
61905 1
61908 2
61909 38
61910 8
61912 10
61919 6
61934 4
62039 1
62114 6
62136 4
62138 43
62143 2
62144 4
62147 377
62148 1
62149 19
62151 1
62152 35
62154 180
62159 5
62162 5
62163 1
62165 1
62170 2
62172 3
62173 14
62174 130
62175 6
62178 1
62179 602
62180 337
62183 1
62184 40
62191 21
62192 5
62370 1
62373 4
62375 1
62377 2
62378 5
62383 7
62387 17
62388 6
62389 59
62392 3
62398 1
62399 2
62403 11
62411 43
62413 1
62417 2
62418 4
62419 12
62420 6
62425 7
62430 3
62431 7
62432 18
62433 98
62434 4
62435 2
62436 119
62437 3
62438 2
62442 4
62443 4
62444 1
62445 16
62449 1
62454 2
62458 10
62594 1
62626 3
62628 9
62632 2
62638 4
62647 20
62656 3
62661 2
62663 4
62664 4
62665 1
62677 1
62688 2
62696 2
62884 1
62885 117
62886 73
62887 4
62888 4
62889 1727
62890 3
62891 56
62892 27
62893 258
62894 1
62896 5
62897 17
62908 10
62911 2
62912 1
62913 38
62915 35
62916 26
62918 1
62919 5
62920 2
62921 7
62922 19
62924 1
62925 19
62926 626
62931 4
62942 14
62944 1
62946 1
62959 13
62962 20
62970 8
62971 14
63141 2
63144 3
63145 64
63147 50
63153 39
63165 32
63176 1
63177 1
63203 28
63206 4
63208 17
63211 86
63212 31
63215 2
63219 1
63220 21
63224 4
63391 1
63590 1
63865 1
63896 1
64144 1
64359 1
64596 1
64609 1
64648 12
64652 2
64850 1
