599897
63 3
32909 1
32955 1
32961 1
32971 1
32972 3
32973 2
32990 1
32994 2
32999 2
33012 1
33094 1
33107 2
33110 4
33158 1
33184 1
33189 1
33193 3
33222 40
33240 1
33244 12
33245 3
33255 2
33261 3
33271 1
33277 1
33352 1
33359 1
33372 1
33379 2
33380 2
33389 3
33463 1
33466 4
33482 1
33484 1
33487 1
33513 1
33517 1
33522 2
33527 1
33619 3
33622 2
33629 1
33657 1
33660 3
33682 1
33728 1
33730 6
33733 1
33735 4
33753 4
33762 1
33860 1
33872 4
33897 1
33932 1
33946 3
33969 7
33970 1
33979 1
33998 1
34130 1
34139 1
34141 1
34158 1
34201 2
34210 2
34219 1
34228 163
34244 1
34252 2
34372 1
34377 1
34409 1
34474 2
34539 4
34552 4
34647 1
34704 153
34708 1
34718 1
34728 1
34733 3
34736 1
34739 1
34753 1
34766 4
34770 42
34771 1
34774 3
34780 1
34813 1
34880 1
34908 1
34932 1
34947 1
34965 1
35006 1
35029 2
35060 1
35148 1
35150 1
35170 3
35176 2
35177 1
35189 2
35197 1
35200 1
35216 1
35222 2
35224 4
35225 1
35232 3
35244 1
35246 1
35249 2
35251 3
35254 3
35273 1
35278 3
35283 3
35290 6
35293 1
35308 1
35309 2
35316 1
35326 3
35411 2
35415 1
35421 3
35428 1
35440 1
35445 3
35452 1
35454 1
35457 1
35460 1
35471 1
35472 2
35474 1
35487 9
35488 9
35489 1
35523 2
35542 2
35546 1
35555 1
35575 3
35657 1
35663 6
35666 3
35667 11
35673 2
35674 4
35682 1
35692 3
35702 1
35703 2
35726 2
35735 1
35754 1
35757 1
35764 3
35813 3
35814 4
35817 6
35836 3
35913 4
35914 2
35927 2
35944 1
35947 8
35962 1
35973 2
35974 2
35979 2
35983 1
35986 2
35988 1
35989 1
35991 4
35998 1
35999 1
36016 2
36019 1
36021 1
36028 1
36034 6
36079 1
36084 4
36094 1
36168 3
36183 1
36192 1
36201 3
36202 1
36206 2
36207 7
36215 2
36218 1
36251 1
36255 1
36257 2
36268 1
36285 1
36300 1
36440 1
36443 1
36462 1
36466 1
36490 2
36505 1
36520 1
36521 6
36522 46
36558 1
36564 6
36582 1
36585 1
36587 1
36605 1
36732 3
36738 2
36744 2
36758 4
36763 1
36778 1
36793 1
36795 3
36811 1
36823 1
36824 1
36827 2
36832 2
36854 1
36961 3
36968 1
36983 1
36987 5
36995 1
37015 1
37086 1
37099 1
37199 3
37202 1
37215 1
37219 1
37373 1
37712 1
37794 1
37870 1
38016 3
38020 69
38022 4
38025 27
38028 2
38033 1
38035 1
38039 1
38042 2
38043 1
38047 1
38051 1
38058 3
38064 1
38065 2
38067 1
38071 1
38087 3
38090 1
38099 12
38103 15
38107 1
38112 1
38208 2
38212 34
38214 71
38215 1
38222 22
38224 3
38228 1
38236 4
38237 1
38241 1
38243 15
38244 1
38247 3
38249 3
38251 1
38252 1
38255 2
38260 1
38274 11
38278 1
38295 1
38301 1
38329 1
38368 16
38370 1
38375 1
38379 1
38382 1
38487 1
38492 1
38505 4
38506 8
38512 1
38524 4
38538 1
38539 1
38545 1
38548 1
38557 5
38564 1
38566 2
38567 1
38578 2
38581 1
38583 2
38597 1
38637 1
38646 2
38647 1
38651 1
38654 1
38726 4
38737 1
38739 1
38740 1
38755 2
38769 1
38804 1
38817 1
38832 1
38839 2
38853 6
38859 1
38985 2
38991 1
38994 1
38995 2
38999 1
39006 2
39016 1
39027 3
39044 1
39049 1
39055 1
39060 1
39086 1
39128 1
39136 2
39149 1
39239 1
39240 9
39244 3
39342 1
39408 1
39416 1
39422 2
39495 1
39496 3
39498 1
39552 1
39555 1
39560 2
39571 2
39577 2
39580 1
39582 1
39588 1
39589 2
39602 1
39603 18
39615 9
39617 1
39618 7
39620 2
39621 7
39622 1
39628 3
39630 1
39631 10
39643 1
39645 1
39648 3
39650 1
39659 4
39660 1
39664 6
39750 2
39751 1
39753 4
39754 2
39755 1
39766 15
39767 2
39778 2
39780 2
39784 7
39792 3
39797 1
39798 1
39812 7
39823 6
39825 6
39829 1
39833 2
39839 2
39841 5
39844 1
39845 3
39847 1
39854 2
39855 3
39858 3
39867 2
39893 6
39919 3
39925 1
40002 69
40006 1
40012 1
40018 15
40021 9
40025 1
40027 1
40031 2
40034 1
40035 3
40042 2
40051 1
40052 1
40060 2
40077 3
40089 1
40093 1
40105 1
40106 2
40107 1
40111 1
40117 3
40119 1
40123 20
40131 1
40136 3
40137 34
40169 1
40183 12
40189 1
40264 1
40284 1
40290 1
40296 1
40311 1
40323 1
40357 1
40366 4
40383 1
40390 1
40393 7
40399 2
40404 19
40405 1
40412 2
40418 1
40423 2
40430 3
40439 3
40442 5
40445 1
40512 1
40518 2
40529 1
40533 1
40541 1
40563 2
40564 1
40580 1
40595 5
40598 1
40600 4
40601 1
40603 13
40604 4
40607 1
40612 1
40615 2
40616 3
40626 2
40632 2
40641 1
40646 1
40662 9
40671 2
40679 2
40686 6
40694 99
40698 2
40699 37
40700 1
40768 102
40785 1
40786 2
40790 1
40801 17
40810 28
40825 1
40827 7
40840 1
40854 2
40900 4
40942 1
41028 67
41034 1
41038 2
41039 5
41057 1
41060 8
41064 1
41080 2
41635 2
41934 1
43655 1
43661 4
43665 12
43667 2
43669 1
43672 19
43678 2
43679 1
43860 1
43867 3
43869 4
43870 5
43871 9
43872 1
43880 433
43881 8
43883 2
43884 1
43885 1
43889 1
43890 1
43892 5
43898 1
43899 1
43900 29
43901 2
43910 1
43912 1
43916 4
43921 2
43923 6
43925 1
43929 1
43934 1
44097 2
44098 139
44100 2
44101 2
44104 8
44106 1
44108 14
44112 2
44113 9
44116 1
44122 6
44124 1
44125 2
44126 1
44129 2
44130 4
44132 1
44133 1
44134 4
44135 5
44137 3
44139 8
44140 1
44142 3
44144 2
44145 1
44146 17
44148 1
44149 119
44151 3
44156 2
44162 1
44170 1
44171 1
44360 3
44363 1
44367 1
44370 1
44373 4
44378 136
44379 11
44385 1
44397 1
44406 3
44412 2
44419 4
44426 1
44431 12
44631 1
44650 1
44664 1
44929 1
44930 1
44961 18
44962 52
44963 2
44965 1
44968 28
44970 36
44971 1
44972 846
44973 1
44974 343
44975 2
44976 7
44978 1773
44980 3
44981 1
44982 23
44984 5
44985 1
44986 152
44987 7
44989 125
44990 3
44991 23
44992 3
44993 181
44994 111
44996 31
44997 5
45002 3
45003 34
45005 9
45006 1
45009 2
45011 10
45012 37
45015 1061
45016 480
45017 85
45019 24
45020 2
45021 4
45023 2
45024 879
45027 9
45028 6
45029 3
45031 2
45032 1
45033 1
45034 1
45035 6
45036 3
45037 2
45038 153
45039 22
45040 3
45041 25
45044 4
45045 1
45048 5
45050 2
45052 202
45053 5
45171 2
45175 1
45177 1
45178 4
45182 2
45184 1
45217 124
45219 198
45220 24
45221 2
45222 819
45223 5
45224 9
45225 1
45226 13
45227 794
45228 1
45229 8
45230 3
45231 1
45233 75
45234 1
45235 1
45236 281
45237 16
45238 37
45240 19
45241 2
45242 27
45243 4
45244 17
45245 3
45246 116
45247 9
45249 1
45251 32
45252 1
45254 2
45255 2
45256 21
45257 4
45258 13
45259 5
45260 182
45263 675
45264 1
45266 2
45267 2
45272 32
45273 2
45274 4
45275 1
45277 2
45278 5
45279 687
45280 4
45282 1
45283 3
45284 42
45285 3
45286 2
45287 16
45289 3
45290 63
45291 107
45293 3
45294 1
45295 1
45296 9
45298 693
45299 592
45300 31
45301 134
45302 108
45303 1
45304 193
45305 519
45306 55
45307 57
45308 104
45310 223
45406 4
45407 1
45410 5
45418 1
45436 10
45441 2
45473 4
45474 3
45475 8
45476 16
45477 3
45478 3
45479 5
45480 599
45481 2747
45482 53
45483 44
45484 27
45485 2
45486 173
45487 37
45488 9
45491 61
45492 415
45493 1
45494 1
45495 765
45496 1
45497 2
45498 5
45499 57
45500 9
45501 64
45503 3
45506 2
45508 45
45509 335
45510 131
45512 1
45513 72
45514 208
45515 13
45516 1018
45518 4
45519 1
45523 311
45524 935
45525 1
45526 17
45527 20
45528 5
45529 11
45531 2
45532 1002
45533 18
45535 65
45536 1
45537 10
45538 8
45539 5
45542 1
45543 2
45544 8
45545 59
45546 1
45548 8
45549 1
45550 1
45551 1
45553 919
45557 10
45560 8
45561 2
45562 1
45563 12
45565 418
45649 2
45653 5
45707 1
45726 1
45728 1
45729 7
45730 2
45731 1096
45732 386
45734 1
45737 281
45738 13
45739 16
45740 697
45741 1
45742 5
45743 266
45745 57
45746 1
45749 14
45750 1
45751 1
45752 1
45753 4
45754 32
45755 29
45756 373
45757 1593
45758 66
45759 2110
45760 19
45761 16
45762 1114
45763 4
45764 3
45766 6
45767 539
45768 32
45769 1859
45770 120
45771 31
45772 1592
45773 1
45774 121
45775 602
45776 630
45777 12
45778 37
45779 4
45780 5
45781 1
45782 9
45783 2
45784 614
45785 8
45786 74
45787 181
45790 5
45791 3
45792 10
45793 1
45795 13
45796 8
45797 60
45798 5
45799 116
45800 9
45801 1
45802 1
45803 27
45805 1
45806 3
45807 5
45809 3
45811 10
45813 106
45814 8
45816 1
45819 14
45821 2
45822 373
45919 3
45985 5
45986 188
45987 72
45989 1
45990 4
45992 290
45994 1
45995 353
45996 5
45998 2
46002 2
46003 35
46004 44
46005 5
46006 8
46007 1
46008 2
46009 27
46010 977
46011 30
46012 8
46013 1
46014 262
46015 141
46018 16
46020 4
46021 1
46022 1
46023 25
46024 82
46025 4
46026 16
46027 5
46028 1
46029 242
46030 2
46031 379
46032 6
46034 1
46035 77
46036 143
46037 1
46038 1
46041 2
46044 1
46046 997
46047 1
46050 4
46051 1
46052 130
46053 19
46054 86
46055 8
46057 1
46061 2
46062 1
46063 414
46064 7
46066 3
46067 428
46068 7
46071 1006
46072 2
46074 48
46075 5
46076 2
46078 1
46144 1
46208 7
46222 1
46226 12
46231 2
46237 2
46242 15
46243 1
46244 556
46245 761
46246 19
46248 1
46249 20
46251 4
46252 2
46253 17
46254 12
46255 4
46256 7
46257 18
46259 474
46260 6
46265 1
46266 5
46267 5
46268 2
46269 5
46270 4
46272 283
46274 1307
46275 117
46276 14
46277 1
46278 15
46279 155
46280 4
46283 1193
46284 17
46285 2
46286 2
46287 309
46288 1
46289 49
46290 122
46291 16
46292 1105
46293 7
46295 2
46296 48
46297 14
46298 10
46299 191
46300 27
46301 1
46302 3
46305 20
46307 24
46308 59
46310 1
46311 7
46312 5
46313 1
46314 6
46316 6
46317 1
46318 45
46321 4
46323 811
46325 1
46326 5
46327 2
46329 2
46330 5
46331 45
46332 2
46333 1
46334 22
46441 1
46448 1
46452 83
46454 18
46486 1
46497 1265
46499 16
46500 6
46501 15
46502 115
46503 4
46504 110
46505 6
46506 4
46507 1137
46508 315
46509 1074
46510 9
46511 14
46512 295
46513 12
46514 8
46515 1
46516 10
46517 14
46519 26
46521 54
46522 8
46524 159
46525 15
46526 1
46528 4
46529 27
46530 5
46533 1019
46535 2
46536 11
46537 13
46539 36
46541 9
46542 995
46543 1
46545 3
46546 3
46547 2
46548 6
46549 13
46550 1
46552 36
46553 11
46554 1
46555 1
46556 11
46559 5
46560 146
46561 5
46562 1
46563 2
46564 106
46566 2
46569 1
46570 1
46571 3
46572 2
46574 1
46576 32
46577 3
46578 1
46580 1
46581 15
46583 672
46584 10
46585 224
46586 2
46587 116
46589 20
46590 134
46661 1
46663 12
46668 1
46694 1
46705 1
46754 240
46756 1
46757 9
46759 1
46760 56
46761 1
46762 23
46763 526
46764 7
46765 13
46766 907
46767 10
46768 24
46769 69
46770 993
46771 4
46772 3
46773 1
46774 1018
46775 2
46776 3
46777 2
46778 5
46779 19
46780 531
46781 1350
46782 7
46783 574
46784 9
46785 4
46786 5
46787 3
46788 3
46789 30
46790 729
46791 112
46793 977
46794 3
46798 2
46800 1
46801 690
46802 123
46803 1
46805 1
46806 7
46807 2
46809 1
46810 10
46811 10
46812 19
46813 3
46817 389
46818 163
46819 191
46820 12
46821 945
46822 506
46823 173
46824 2
46825 116
46826 15
46827 1014
46829 1
46830 28
46831 428
46832 7
46833 1
46834 81
46836 2
46838 8
46839 4
46840 1
46841 3
46843 672
46844 74
46846 8
46950 2
46978 1
46991 2
46994 2
47009 7
47010 7
47011 541
47012 1
47013 4
47014 92
47015 2
47016 16
47017 7
47018 4
47021 1
47022 24
47025 2
47026 5
47027 44
47028 24
47029 580
47030 1045
47031 11
47032 2
47033 2
47035 863
47037 5
47038 2
47039 1
47041 1
47044 36
47045 1
47047 18
47048 3
47049 45
47050 773
47051 15
47052 1
47053 6
47054 3
47056 11
47057 1
47058 6
47059 62
47060 8
47061 381
47062 79
47063 1
47065 28
47066 28
47067 28
47068 1
47070 7
47071 1266
47072 1
47076 27
47078 4
47079 13
47080 131
47081 1
47082 54
47083 15
47087 18
47088 1015
47089 146
47091 42
47093 8
47094 6
47095 4
47096 3
47097 122
47099 43
47100 9
47101 69
47206 3
47218 1
47246 1
47265 1
47266 42
47267 1
47268 41
47269 8
47270 86
47271 20
47272 1014
47273 3
47275 50
47276 277
47277 29
47278 964
47280 4
47281 756
47282 6
47284 3
47285 3
47286 4
47289 6
47291 1
47296 6
47297 1
47298 1
47299 1
47300 7
47301 13
47303 1
47304 788
47305 6
47306 11
47307 1023
47308 13
47311 7
47314 1
47316 2
47320 822
47321 36
47322 328
47323 97
47324 731
47326 11
47327 11
47328 6
47329 11
47330 744
47331 470
47333 8
47334 5
47335 11
47336 3
47337 34
47338 5
47339 5
47340 6
47341 5
47343 7
47344 490
47345 7
47347 316
47350 2
47351 3
47352 1
47353 1011
47354 1448
47355 147
47357 9
47358 30
47444 6
47462 1
47522 4
47523 2109
47525 19
47526 3
47528 2
47529 3
47530 8
47531 1163
47532 237
47533 3267
47534 287
47535 257
47537 10
47538 450
47539 3
47540 2
47541 6
47542 1
47543 2
47544 4
47545 13
47546 214
47547 2
47548 110
47549 1053
47550 28
47551 6
47552 1683
47553 27
47554 1021
47555 169
47556 4
47557 33
47558 3356
47559 1
47561 77
47562 9
47563 1
47564 112
47565 1039
47566 1118
47567 74
47568 1
47569 2
47571 108
47573 300
47574 1
47575 189
47576 1152
47577 1
47578 6
47579 2
47580 1
47583 2
47584 68
47585 6
47586 183
47587 893
47588 11
47589 1
47590 12
47591 137
47592 1062
47593 1604
47594 890
47595 359
47596 684
47598 1006
47599 1
47600 1
47601 123
47602 9
47603 16
47606 2
47607 10
47608 2
47610 1019
47612 1
47613 3
47614 32
47698 1
47710 1
47757 3
47761 2
47776 1
47778 168
47780 1
47781 14
47782 3
47783 1
47784 427
47785 2
47786 1977
47788 8
47789 17
47790 5
47791 60
47792 7
47793 17
47795 216
47796 30
47797 7
47798 247
47799 51
47800 135
47801 26
47802 5
47803 20
47804 1
47805 6
47808 194
47809 41
47810 6
47811 17
47812 1
47814 1046
47817 1
47818 39
47819 8
47820 5
47821 95
47822 17
47824 2
47826 8
47827 15
47828 1159
47829 44
47830 4
47832 17
47834 5
47835 852
47836 124
47837 607
47838 1
47841 178
47842 3
47843 66
47844 3
47845 11
47846 24
47848 1
47849 1
47850 3
47851 8
47852 3
47853 10
47854 7
47855 11
47856 63
47857 14
47858 9
47859 2
47860 41
47862 1
47864 1
47865 99
47866 9
47867 1
47868 1
47869 30
47870 16
47967 1
48035 4
48036 5
48037 1
48039 714
48040 21
48042 507
48043 20
48045 2
48046 11
48047 20
48048 771
48049 5
48050 3
48051 14
48052 5
48054 5
48055 2
48056 8
48058 48
48059 2
48060 2
48061 124
48062 533
48063 2
48065 1
48066 5
48067 120
48068 12
48069 8
48070 18
48071 27
48072 2
48073 3
48074 27
48075 2
48076 301
48077 822
48078 3044
48079 13
48080 1
48081 2813
48082 2150
48083 148
48085 4
48086 1001
48087 48
48088 1
48089 1
48090 46
48091 3
48093 6
48094 1
48096 5
48097 123
48098 5
48100 3
48101 1
48102 28
48103 4
48104 3
48107 7
48108 8
48109 13
48114 22
48115 20
48116 1
48117 2
48118 10
48119 1
48120 99
48121 8
48122 4
48123 38
48124 93
48125 11
48126 2
48218 1
48289 520
48290 49
48291 345
48293 3
48294 1
48295 8
48296 1213
48298 1009
48299 22
48300 2
48301 1535
48302 26
48303 1109
48305 8
48306 7
48307 11
48308 2
48309 2
48310 5
48311 3
48312 1
48313 844
48314 1
48315 5
48316 3
48317 4
48318 29
48319 135
48323 2
48324 3
48326 1
48327 7
48328 1
48329 1
48332 11
48334 1
48339 1
48340 12
48341 4
48342 6
48343 5
48345 2
48346 19
48347 20
48348 2162
48349 137
48350 7
48351 2
48352 461
48353 14
48354 279
48355 4
48356 3
48357 7
48358 2
48359 12
48360 3
48361 60
48364 12
48365 29
48367 11
48368 2284
48369 47
48370 143
48371 3
48372 1
48373 928
48374 3
48375 68
48376 215
48377 1130
48378 233
48379 2
48380 22
48381 2
48450 1
48545 5
48546 91
48547 369
48548 15
48549 1
48550 17
48551 322
48552 16
48553 140
48554 14
48555 21
48556 1
48557 73
48558 623
48559 39
48560 1448
48562 978
48563 24
48564 328
48565 53
48566 15
48568 563
48569 37
48570 66
48571 41
48572 87
48575 8
48576 5
48577 38
48579 120
48580 4
48581 77
48582 4
48584 1
48585 10
48588 2
48589 3
48591 59
48595 44
48596 32
48597 112
48598 8
48600 14
48601 57
48603 27
48604 1
48606 19
48607 3
48609 1
48611 5
48612 8
48613 1
48614 18
48615 2
48616 3
48617 17
48618 286
48620 4
48621 5
48622 8
48625 1
48628 58
48629 64
48630 14
48631 3
48632 2
48633 185
48634 5
48635 292
48636 947
48637 1303
48638 647
48735 5
48743 1
48769 1
48801 2704
48802 178
48803 235
48804 71
48805 728
48807 1
48808 12
48810 279
48811 7
48812 301
48813 909
48814 4
48815 10
48816 13
48817 6
48818 3
48819 2
48820 4
48821 1613
48822 35
48823 4
48825 2
48826 7
48828 21
48830 2
48831 3
48832 16
48833 12
48834 648
48835 11
48837 1
48838 273
48840 1
48841 734
48842 2
48843 255
48844 8
48845 14
48846 5
48847 7
48849 5
48850 3
48851 1
48852 1
48853 14
48855 1022
48858 11
48859 6
48860 176
48861 1
48864 3
48865 11
48866 742
48868 5
48873 1
48875 2
48876 10
48877 138
48878 6
48879 630
48880 3
48881 2
48882 2
48883 18
48884 1
48885 26
48886 3
48889 13
48890 3
48891 15
48892 113
48893 42
49057 1
49058 1
49059 1
49060 650
49061 100
49064 12
49065 5
49066 10
49067 62
49069 30
49072 18
49073 1
49074 4
49075 22
49076 205
49077 994
49078 823
49080 8
49082 6
49083 9
49084 477
49085 154
49086 12
49087 1
49088 11
49090 18
49091 3
49093 25
49095 3
49096 5
49097 223
49098 302
49099 44
49101 93
49102 1
49103 9
49104 3
49105 1
49107 12
49109 9
49110 1420
49111 1179
49112 17
49113 329
49114 534
49115 7
49117 33
49118 3
49120 3
49121 2
49122 14
49123 1
49124 131
49125 3
49126 14
49128 1110
49129 17
49131 7
49132 6
49133 105
49134 1120
49135 44
49136 4
49137 170
49138 216
49139 27
49140 12
49141 18
49142 808
49143 17
49144 57
49145 31
49146 56
49147 580
49148 3
49149 2
49150 70
49246 2
49274 1
49288 17
49290 2
49301 1
49305 1
49306 2
49314 724
49315 6
49316 18
49317 5
49318 603
49319 6
49320 1
49321 2
49322 64
49323 198
49324 173
49325 23
49326 26
49327 6
49328 17
49329 5
49330 4
49332 4
49333 60
49334 22
49335 8
49336 34
49337 46
49338 1130
49339 7
49340 511
49341 7
49343 39
49344 1
49345 507
49346 6
49348 2
49349 1
49351 20
49352 1
49353 24
49355 116
49358 991
49359 6
49360 12
49362 32
49364 10
49365 735
49366 2605
49367 8
49368 942
49369 84
49370 8
49371 32
49372 117
49373 5
49375 3
49377 417
49378 81
49379 19
49380 43
49381 81
49382 74
49383 22
49384 1105
49385 591
49386 18
49387 51
49388 41
49389 6
49390 218
49391 1
49392 15
49393 5
49396 26
49397 1064
49399 18
49400 1188
49401 40
49402 2442
49403 7
49405 28
49406 1
49481 1
49528 5
49557 1
49569 270
49570 17
49571 9
49572 51
49573 32
49574 846
49575 1
49579 75
49580 1025
49582 7
49583 10
49586 1
49587 863
49588 32
49589 6
49590 234
49591 792
49593 11
49594 81
49595 74
49596 45
49597 1034
49599 3
49600 1119
49602 5
49603 2
49604 5
49606 1
49607 3
49609 30
49610 5
49612 6
49613 44
49616 3
49620 33
49621 3
49622 15
49623 208
49624 15
49625 15
49626 21
49627 12
49628 8
49630 1037
49631 56
49632 27
49633 1
49636 10
49637 203
49638 525
49639 16
49641 681
49642 7
49644 1
49645 1031
49646 2
49648 2
49649 3
49650 31
49651 538
49652 4
49653 39
49654 4
49655 18
49656 6
49657 34
49658 196
49659 79
49660 245
49661 8
49662 84
49729 1
49745 17
49772 1
49789 11
49809 1
49825 4
49826 4
49827 5
49829 1
49830 4
49831 1
49832 3
49833 518
49834 10
49835 1040
49836 3
49838 25
49839 288
49840 4
49841 5
49842 1
49843 18
49844 6
49845 56
49846 13
49847 986
49851 1
49852 11
49854 25
49855 1
49856 643
49858 7
49859 40
49860 44
49861 34
49862 1
49864 388
49865 87
49866 53
49867 36
49868 5
49869 58
49870 1093
49871 1155
49872 1
49874 1
49875 12
49876 2
49877 1
49878 15
49879 401
49880 5
49881 4
49882 3
49883 7
49884 10
49885 11
49886 12
49887 13
49888 11
49889 10
49890 2
49891 29
49892 1
49893 1
49894 3
49895 694
49897 2
49898 7
49899 21
49900 23
49901 2
49902 220
49904 1
49905 475
49906 1
49907 6
49908 690
49909 2
49910 12
49911 2710
49912 1
49913 481
49914 1504
49915 262
49916 7
50010 1
50033 2
50048 1
50081 2
50083 11
50084 1
50085 3
50086 3
50087 5
50088 1
50089 14
50090 898
50091 322
50092 135
50093 49
50094 21
50095 2
50096 19
50097 35
50098 313
50099 2
50101 10
50102 2
50104 3
50105 5
50106 17
50107 31
50108 4
50109 188
50110 197
50111 5
50112 30
50113 131
50114 680
50115 1
50116 2
50118 3
50119 35
50120 350
50121 19
50123 58
50124 2
50125 4
50126 11
50127 278
50128 159
50129 4
50131 1
50134 4
50135 5
50136 1
50138 15
50139 5
50140 98
50141 329
50142 49
50143 925
50144 1
50145 23
50146 10
50147 4
50148 1
50150 3
50153 2
50154 119
50156 3
50157 2
50158 72
50159 3
50160 42
50161 2
50164 706
50165 4
50167 2
50168 1
50169 4
50171 68
50172 1
50173 129
50174 1479
50301 1
50337 2
50338 26
50339 1042
50341 26
50342 1
50344 21
50345 878
50346 3
50347 1
50348 9
50349 1
50350 32
50351 17
50354 3
50357 488
50358 5
50359 69
50360 31
50361 2
50362 3
50364 2
50365 1
50371 2
50373 5
50374 4
50376 15
50377 9
50378 62
50379 1013
50380 20
50381 31
50382 64
50383 1
50384 6
50385 1
50386 4
50387 1117
50390 10
50394 3
50397 4
50400 489
50401 787
50403 6
50404 9
50405 226
50406 432
50407 1
50408 3
50411 2
50412 62
50413 1090
50414 25
50415 16
50416 1
50417 9
50418 1
50419 253
50420 1380
50421 2
50422 2
50429 4
50430 2
50531 1
50548 1
50551 1
50561 1
50576 2
50577 1
50583 1
50596 546
50597 1
50598 1
50599 1
50604 2
50606 19
50607 6
50609 2
50613 8
50614 2
50615 138
50616 2
50617 4
50618 32
50619 69
50620 280
50621 928
50622 10
50623 3
50624 10
50625 11
50626 31
50627 4
50628 2
50629 3
50630 2
50631 3
50632 3
50635 2
50637 2
50638 8
50640 9
50641 703
50642 14
50643 38
50644 5
50645 53
50646 124
50647 34
50648 1
50649 5
50650 18
50651 3
50652 28
50653 687
50655 36
50657 3
50658 4
50660 244
50661 181
50662 486
50663 4
50664 6
50665 44
50666 5
50667 1065
50668 80
50669 64
50670 386
50671 29
50672 85
50673 10
50674 1
50675 44
50676 635
50677 1
50679 6
50680 12
50682 2
50684 2
50685 2
50761 1
50765 54
50769 2
50772 7
50779 9
50789 1
50792 2
50798 1
50800 1
50802 5
50805 4
50809 1
50811 2
50816 4
50826 1
50829 1
50831 3
50849 4
50850 9
50851 3
50853 4
50854 6
50855 182
50856 31
50857 12
50858 34
50859 221
50860 185
50861 7
50862 998
50864 63
50865 9
50866 1
50867 8
50868 1
50869 1
50870 3
50871 4
50872 2
50873 2
50876 1
50877 3
50878 11
50879 1622
50881 2
50882 4
50884 4
50885 77
50887 1060
50888 36
50889 137
50892 15
50893 1
50894 26
50895 1
50896 20
50897 9
50898 5
50901 222
50902 5
50903 19
50904 1081
50905 226
50906 133
50907 127
50908 2
50909 1
50911 191
50912 559
50913 16
50915 15
50916 290
50917 1004
50918 62
50919 574
50920 2
50921 40
50922 5
50923 6
50924 750
50925 168
50926 3
50927 576
50928 9
50929 1004
50930 20
50931 19
50932 2
50933 1
50935 1
50936 6
50938 391
50940 736
50941 10
50942 16
51010 1
51017 1
51034 1
51036 8
51038 2
51039 6
51042 2
51046 3
51057 2
51060 5
51064 1
51077 1
51080 1
51098 1
51105 14
51108 4
51109 5
51110 1
51111 3
51112 904
51114 277
51115 306
51117 8
51119 2
51120 6
51121 2
51124 2
51125 4
51127 5
51128 4
51129 2
51130 235
51131 1289
51132 123
51133 307
51134 9
51136 25
51137 9
51138 1
51139 8
51140 718
51141 1
51143 2
51144 1
51145 60
51146 430
51147 171
51148 6
51149 16
51150 1061
51151 7
51152 2
51153 3
51156 3
51157 124
51158 24
51159 6
51160 155
51161 1676
51162 69
51163 48
51164 28
51165 401
51166 8
51167 5
51168 5
51169 139
51170 7
51171 442
51173 284
51174 24
51175 384
51177 2
51178 127
51179 97
51180 1
51182 890
51183 386
51184 1940
51185 384
51186 41
51187 697
51188 849
51189 3
51190 1
51191 8
51192 4
51194 1
51195 6
51196 49
51197 130
51265 14
51266 1
51272 2
51277 1
51282 1
51299 11
51301 1
51302 1
51303 1
51307 1
51308 2
51333 1
51358 1
51363 185
51368 1
51369 2
51370 4
51371 4
51373 508
51374 4
51375 96
51379 157
51380 6
51381 9
51382 3
51383 1
51384 1
51385 1
51386 366
51387 1
51388 130
51389 443
51392 10
51393 23
51395 3
51396 14
51398 250
51399 15
51400 1
51401 23
51402 1
51404 266
51405 6
51406 1
51407 88
51408 796
51409 8
51410 2
51412 1
51413 1
51414 2
51415 8
51416 67
51417 397
51418 1
51419 1059
51420 306
51423 1
51424 3
51425 15
51426 10
51427 23
51428 7
51430 8
51431 16
51432 9
51433 8
51434 1053
51436 14
51437 8
51438 86
51440 19
51441 24
51442 1020
51443 7
51444 1
51445 12
51446 1
51447 19
51449 92
51450 491
51451 3
51453 199
51454 6
51526 1
51569 3
51600 3
51617 20
51618 1083
51620 459
51621 478
51622 312
51623 4
51624 5
51625 713
51626 5
51627 996
51630 38
51631 1175
51632 9
51633 699
51634 23
51635 1
51637 55
51638 17
51639 1000
51640 8
51641 5
51644 14
51645 5
51646 14
51647 288
51648 685
51649 1
51650 13
51652 5
51654 14
51655 20
51658 39
51659 195
51660 13
51661 45
51662 2
51663 11
51664 6
51666 7
51667 6
51668 2
51669 13
51670 8
51671 31
51672 120
51673 104
51674 2
51676 7
51678 3
51679 2
51680 21
51681 2
51682 28
51683 25
51684 1
51685 6
51686 1040
51687 396
51688 3
51689 470
51691 2
51692 4
51693 1
51694 5
51695 43
51696 12
51697 16
51699 1
51700 17
51701 22
51702 34
51703 369
51704 6
51705 2
51706 11
51707 1
51708 7
51709 4
51710 2
51828 2
51831 1
51836 2
51847 1
51868 3
51873 5
51874 1
51878 2
51879 367
51880 13
51881 3
51882 37
51883 971
51884 92
51885 1
51886 274
51887 2
51888 3
51890 32
51891 327
51892 195
51893 6
51894 539
51895 114
51896 349
51897 165
51898 1
51900 2165
51901 2
51902 732
51903 54
51904 5
51905 6
51906 6
51907 30
51908 62
51909 5
51910 5
51912 49
51913 470
51914 1
51916 38
51917 11
51918 1010
51919 2
51920 9
51925 1125
51927 5
51928 139
51929 3
51930 21
51933 45
51934 638
51936 23
51937 1
51939 5
51940 1
51941 2
51942 24
51943 14
51944 13
51945 1
51946 12
51947 35
51948 10
51949 1
51950 5
51951 1029
51953 3
51955 13
51958 1
51959 373
51960 26
51961 6
51963 5
51964 2
51965 3
51966 15
52034 1
52051 1
52065 1
52108 1
52109 1
52118 1
52134 6
52135 1
52136 19
52137 338
52139 84
52140 6
52141 6
52142 3
52143 1
52146 16
52147 16
52148 34
52150 25
52151 997
52152 658
52153 27
52156 1
52157 6
52158 1
52160 996
52161 9
52163 98
52164 31
52165 1
52166 1038
52167 11
52168 5
52170 6
52171 1
52173 2
52174 1328
52175 113
52177 2
52178 56
52180 43
52181 1033
52182 2
52184 34
52185 33
52186 459
52188 8
52189 2
52193 8
52194 15
52196 1
52197 56
52198 3
52203 4
52204 2848
52205 265
52206 3
52207 1226
52208 135
52209 118
52211 1
52212 4
52213 2
52214 9
52215 3
52216 8
52217 3
52218 89
52219 4
52220 45
52221 57
52222 4
52288 1
52303 1
52385 38
52386 215
52387 6
52388 120
52389 170
52390 31
52391 2
52392 132
52393 502
52395 71
52396 172
52397 22
52398 1154
52399 902
52400 3
52401 1
52402 3
52403 29
52404 2
52405 2
52406 7
52407 13
52408 7
52409 1
52411 1
52412 69
52413 3
52414 12
52415 591
52416 47
52417 79
52418 1
52419 20
52420 23
52421 15
52423 1
52428 1
52429 15
52431 1
52432 6
52433 1
52437 1
52440 27
52443 3
52444 1
52445 3
52446 15
52447 9
52450 7
52451 2
52452 6
52453 65
52454 2
52456 5
52457 7
52458 11
52459 5
52460 1
52461 16
52462 13
52463 6
52464 82
52465 306
52466 1131
52467 2
52468 1031
52469 1121
52471 1
52472 8
52473 4
52474 224
52475 72
52476 1
52478 384
52638 1
52641 136
52642 143
52643 3
52644 1111
52645 7
52646 1
52647 10
52648 119
52649 53
52650 183
52651 29
52652 551
52653 71
52654 1
52655 18
52656 1765
52657 2
52658 6
52659 112
52660 40
52661 730
52662 9
52663 3
52664 3
52666 1029
52667 20
52668 22
52669 7
52670 48
52671 21
52672 375
52674 1054
52676 4311
52677 192
52678 59
52679 2
52680 56
52681 3
52682 24
52683 1
52684 636
52690 3
52691 20
52692 5
52693 2
52694 449
52695 364
52696 3
52697 1
52698 14
52702 74
52703 3
52704 9
52705 22
52706 1022
52708 1248
52709 36
52711 57
52712 19
52713 1079
52716 18
52717 2
52718 4
52719 6
52720 1
52721 9
52722 12
52723 1
52724 36
52725 1702
52726 53
52727 167
52730 79
52731 3
52732 2
52733 132
52897 35
52898 15
52899 679
52900 15
52901 4
52902 195
52903 85
52904 1
52905 51
52906 247
52907 174
52908 7
52909 5
52910 13
52911 189
52912 372
52914 234
52915 8
52916 5
52917 11
52919 4
52920 8
52924 289
52926 3
52927 16
52928 45
52930 14
52931 1
52932 1161
52936 185
52937 70
52938 14
52939 41
52940 20
52941 482
52942 21
52943 4
52944 10
52945 2
52946 19
52947 1
52948 246
52949 11
52950 29
52951 62
52952 10
52955 19
52956 93
52958 8
52959 3
52960 152
52961 1
52962 38
52963 286
52964 1
52965 31
52966 209
52967 6
52968 979
52969 861
52970 15
52971 61
52972 73
52973 41
52974 18
52975 1
52976 10
52977 1
52978 1005
52979 16
52980 1115
52981 2
52982 97
52984 4
52985 1
52986 12
52987 2
52988 33
52989 9
52990 1737
53124 4
53127 1
53153 1361
53154 199
53155 17
53156 582
53157 76
53158 311
53159 33
53161 2
53163 1
53165 6
53167 2
53168 2
53169 1
53171 12
53172 1
53173 1
53174 1
53176 1
53177 2
53178 3
53179 1010
53181 76
53182 319
53183 44
53184 1858
53185 637
53186 889
53187 108
53188 724
53189 162
53191 901
53192 1
53193 2
53194 5
53195 672
53196 4
53197 18
53198 10
53199 1041
53200 202
53201 18
53202 103
53203 41
53204 3
53206 5
53208 1
53211 345
53212 1001
53213 5
53214 206
53215 2
53216 2
53218 4
53219 477
53221 17
53223 31
53224 8
53225 1
53227 2
53228 1041
53229 1032
53230 9
53232 27
53233 1298
53234 39
53235 1
53236 1
53237 24
53238 2
53239 80
53240 46
53241 3785
53242 35
53243 282
53244 13
53245 95
53246 98
53346 3
53409 27
53411 10
53412 23
53414 1012
53415 520
53416 2
53417 785
53419 162
53420 6
53421 16
53422 9
53423 2
53424 31
53425 2
53426 18
53427 1
53428 22
53429 40
53430 23
53431 36
53432 56
53433 1
53435 1
53436 2
53437 3
53438 26
53439 12
53440 7
53442 3
53443 6
53444 63
53445 1580
53446 6
53447 507
53449 29
53452 38
53453 2
53454 1
53455 1078
53456 146
53457 1
53458 455
53459 256
53460 285
53461 708
53462 642
53463 398
53464 29
53466 2
53467 3
53468 100
53469 18
53470 497
53471 8
53472 1014
53474 65
53475 105
53476 1
53477 885
53478 68
53479 18
53480 27
53481 45
53483 12
53484 10
53485 1
53486 1368
53487 517
53488 11
53489 1
53490 9
53491 992
53492 1372
53494 18
53496 11
53497 11
53498 23
53499 20
53501 6
53502 589
53611 1
53623 13
53628 1
53665 6
53666 342
53667 89
53669 13
53670 1032
53671 1
53672 1
53673 6
53674 20
53675 699
53676 2
53678 2
53679 3
53680 52
53681 10
53682 44
53683 8
53684 1
53685 221
53686 1159
53687 10
53689 9
53691 2380
53692 79
53693 18
53694 1
53695 55
53696 642
53697 911
53698 999
53699 74
53700 28
53701 5
53702 1
53703 266
53705 4
53706 86
53707 306
53708 4
53709 5
53710 2
53711 4
53712 48
53713 21
53714 478
53715 1
53716 224
53717 933
53718 9
53719 1363
53720 44
53721 130
53722 137
53723 9
53724 12
53725 1073
53726 3
53727 1
53728 456
53729 25
53730 259
53731 758
53732 152
53733 519
53734 365
53735 147
53736 8
53737 48
53738 62
53739 176
53740 19
53741 183
53742 136
53743 93
53744 155
53745 30
53746 26
53747 662
53748 75
53749 118
53750 7
53751 34
53752 903
53753 2
53754 123
53755 3
53756 1084
53757 22
53758 55
53906 1
53921 73
53922 664
53923 90
53924 19
53925 97
53926 670
53927 61
53928 328
53929 14
53930 60
53931 40
53932 2
53933 86
53934 63
53935 178
53936 74
53937 570
53939 89
53940 1
53941 84
53945 33
53946 49
53947 3
53949 226
53950 157
53951 46
53952 1099
53954 506
53955 23
53956 24
53957 144
53958 109
53959 4
53960 914
53961 17
53962 2
53964 1
53965 2
53966 562
53967 25
53968 227
53969 248
53970 24
53971 393
53972 1
53973 1
53974 204
53975 32
53976 2
53977 9
53978 1160
53979 3
53980 92
53981 304
53982 21
53983 8
53984 1127
53985 692
53986 11
53987 59
53988 65
53989 151
53990 25
53991 3
53992 258
53993 8
53994 3074
53995 70
53996 49
53997 1044
53998 4469
53999 817
54000 738
54001 1384
54002 28
54003 29
54004 178
54005 2
54006 16
54007 364
54008 14
54009 60
54010 34
54011 24
54012 4
54013 212
54014 195
54145 2
54154 4
54177 14
54178 23
54179 308
54180 5
54181 107
54182 14
54183 4
54184 240
54186 685
54187 29
54188 1127
54189 845
54190 9
54191 29
54192 119
54193 22
54194 149
54195 2
54196 974
54197 107
54198 940
54199 981
54200 26
54202 9
54203 15
54204 24
54205 335
54206 252
54207 41
54208 850
54209 43
54210 671
54211 563
54212 38
54213 63
54214 1494
54215 2
54216 53
54217 6
54218 167
54219 218
54220 123
54221 2
54222 4
54223 366
54225 1
54228 3
54229 16
54230 1
54231 5
54232 12
54233 69
54234 48
54236 3
54237 9
54238 70
54242 1
54244 1
54245 25
54246 1
54247 15
54248 2
54252 9
54253 1
54254 14
54255 1
54256 5
54257 65
54258 75
54259 3657
54262 140
54264 1155
54265 13
54266 3
54269 19
54349 5
54417 1
54435 1
54436 6
54440 1
54441 1
54442 5
54443 11
54444 2
54447 1
54448 40
54450 537
54452 9
54453 1
54454 1
54455 5
54456 5
54457 254
54459 3
54460 828
54461 35
54462 6
54463 219
54464 3
54465 33
54466 818
54467 62
54468 5
54469 1083
54470 1
54471 5
54472 4
54473 8
54474 2
54478 1
54480 22
54481 227
54482 2
54483 14
54484 1048
54485 108
54487 356
54488 30
54489 110
54490 7
54491 5
54492 1564
54493 1
54494 21
54495 9
54496 7
54497 3
54498 1
54499 25
54500 327
54501 9
54502 197
54503 932
54504 15
54505 240
54506 92
54507 7
54508 17
54509 6
54511 2
54512 248
54513 766
54514 134
54515 9
54516 3
54517 6
54519 83
54520 1
54521 34
54522 3
54523 4
54524 3
54525 848
54526 481
54601 2
54608 1
54618 3
54620 3
54689 24
54691 1049
54692 15
54693 258
54694 34
54695 16
54698 140
54700 1
54701 1
54702 482
54703 7
54704 20
54705 16
54706 52
54708 12
54709 11
54710 2
54711 3
54712 12
54713 32
54714 1
54715 12
54716 19
54717 1
54718 1886
54719 17
54721 116
54722 271
54723 3
54724 8
54725 23
54726 11
54727 1354
54728 17
54729 39
54730 9
54731 9
54732 1
54734 197
54736 447
54737 1
54738 494
54739 1146
54740 8
54741 3
54742 7
54743 1
54744 70
54745 666
54746 32
54747 130
54748 1151
54749 94
54750 242
54752 1
54758 44
54761 103
54762 9
54763 3
54764 1027
54766 62
54768 2
54769 202
54770 12
54771 1
54772 3
54773 2
54775 25
54776 16
54777 81
54778 14
54780 3
54781 54
54782 10
54857 1
54860 1
54874 1
54886 1
54900 1
54908 1
54916 1
54931 3
54944 1
54945 10
54946 8
54947 632
54948 8
54949 2
54951 3
54952 18
54953 2
54954 14
54956 9
54957 2
54958 1
54959 847
54960 3
54961 3
54963 91
54964 12
54965 10
54966 1
54967 2
54969 2
54970 3
54971 18
54972 18
54974 2
54975 859
54976 4
54977 34
54978 30
54979 12
54982 17
54984 11
54985 7
54986 35
54987 120
54988 32
54989 19
54990 107
54991 961
54992 54
54993 26
54994 7
54995 5229
54996 114
54997 1
54998 51
54999 1
55000 31
55002 1017
55003 16
55004 16
55005 20
55006 993
55007 4
55008 5
55010 3
55011 24
55012 2
55013 4
55014 301
55015 1
55017 2
55018 53
55021 3
55022 3
55024 53
55025 23
55026 11
55027 825
55028 82
55030 2
55031 57
55032 7
55033 4
55128 5
55143 1
55144 1
55201 2
55202 1
55203 18
55204 2
55207 16
55208 17
55209 266
55214 8
55216 3
55218 2
55219 6
55223 127
55224 15
55225 156
55226 1
55229 5
55230 8
55231 1
55233 8
55234 14
55236 4
55237 3
55238 2
55240 3
55242 1
55244 2
55245 1
55249 2
55251 3
55252 8
55255 7
55257 1
55260 14
55263 3
55265 24
55274 1
55275 1
55276 3
55277 1
55278 7
55283 1
55285 1
55288 8
55290 1
55292 37
55293 19
55374 1
55379 3
55450 7
55453 1
55457 811
55459 2
55460 20
55461 13
55463 14
55465 14
55466 3
55468 4
55469 5
55470 9
55471 6
55473 10
55474 56
55475 88
55477 3
55478 6
55479 1
55480 1
55481 2
55482 18
55483 252
55484 21
55486 47
55491 6
55492 5
55493 1
55496 3
55497 12
55503 1
55504 1
55506 13
55507 7
55508 1
55510 2
55511 17
55512 4
55513 3
55514 6
55515 1
55516 6
55517 3
55519 2
55521 3
55522 62
55523 5
55524 1
55527 1
55528 2
55529 5
55531 3
55532 1
55533 8
55534 1
55537 2
55538 2
55543 3
55544 10
55546 2
55550 734
55634 1
55662 1
55668 6
55672 1
55713 28
55716 5
55720 2
55721 3
55723 1
55725 1
55726 1
55727 16
55729 9
55733 8
55735 1
55737 5
55738 24
55740 30
55742 17
55743 1
55744 1
55752 11
55753 3
55755 6
55757 25
55758 4
55759 13
55760 4
55761 15
55763 21
55764 1
55765 3
55767 2
55771 6
55774 7
55775 3
55780 7
55781 1
55784 2
55789 1
55791 1
55795 63
55796 16
55798 3
55799 51
55800 1
55801 197
55802 6
55803 31
55804 1
55805 1
55806 38
55876 1
55887 1
55888 6
55891 42
55895 2
55938 3
55969 1
55970 733
55972 29
55974 22
55975 4
55976 8
55977 3
55978 22
55979 7
55980 567
55981 109
55984 2
55986 3
55987 5
55988 13
55989 2
55992 1
55993 2
55994 1
55995 1
55996 19
55997 2
55998 9
55999 74
56000 1
56001 1
56002 10
56003 19
56004 25
56005 3
56006 25
56007 8
56010 6
56011 2
56012 3
56013 1
56015 2
56018 1
56019 3
56021 11
56022 4
56023 7
56025 1
56026 78
56027 2
56029 5
56030 2
56031 34
56032 2
56034 4
56035 1
56036 6
56039 1
56040 3
56043 16
56044 1
56045 8
56046 19
56047 3
56048 1
56051 26
56052 4
56056 4
56060 2
56062 2
56138 1
56206 14
56225 2
56228 2
56230 1
56231 3
56235 40
56236 4
56237 9
56239 1
56240 1017
56242 578
56246 1
56247 138
56251 5
56252 6
56253 73
56254 15
56255 541
56256 2
56258 10
56259 2
56260 1
56261 2
56262 372
56263 258
56265 1
56266 2
56267 30
56269 2
56270 7
56273 4
56274 1
56275 15
56276 29
56277 1
56279 12
56281 4
56283 46
56284 1
56286 1
56287 36
56288 3
56290 3
56291 2
56292 5
56293 6
56294 5
56295 364
56296 2
56297 8
56299 4
56300 4
56301 7
56302 1
56303 11
56304 8
56305 11
56306 3
56307 10
56308 6
56309 31
56310 31
56311 64
56312 376
56313 5
56314 1
56315 2
56316 9
56317 2
56318 14
56403 4
56481 10
56482 4
56483 1
56484 1
56485 9
56486 16
56490 1
56492 6
56494 1
56495 28
56496 8
56497 1
56499 1
56501 3
56502 29
56503 57
56504 15
56505 12
56506 93
56507 14
56508 171
56509 41
56510 5
56511 15
56512 8
56513 1
56516 13
56517 2
56518 1
56519 2
56522 1
56523 5
56524 1
56525 9
56526 3
56528 2
56530 30
56531 21
56533 463
56536 1
56537 1
56538 29
56540 2
56542 5
56543 15
56544 2
56545 18
56546 1
56547 20
56550 1063
56551 11
56552 21
56555 8
56556 16
56557 97
56558 2
56559 6
56563 1
56564 10
56566 8
56567 2
56569 1
56570 2
56572 3
56573 1
56574 733
56696 4
56732 1
56733 1
56737 4
56738 2
56740 5
56741 74
56742 1
56743 1
56744 18
56747 2
56748 3
56749 14
56750 1
56753 342
56754 24
56755 8
56757 7
56759 11
56760 6
56761 15
56762 2
56763 4
56764 15
56765 5
56766 1
56767 49
56768 31
56769 1
56772 243
56773 1
56774 2
56775 1
56776 867
56777 653
56778 6
56780 1
56781 5
56786 2
56787 1
56791 1
56794 1
56796 1
56797 3
56798 1
56801 2
56802 4
56805 2
56807 1
56814 1
56815 2
56817 4
56828 1
56974 1
56979 3
56994 4
57003 1
57006 72
57008 1
57011 3
57012 3
57015 1
57021 7
57023 1
57026 3
57028 4
57033 4
57034 3
57035 5
57036 5
57040 1
57045 1
57048 48
57054 2
57056 1
57057 3
57060 20
57064 1
57065 1
57066 1
57073 5
57078 3
57080 7
57083 1
57154 1
57165 1
57169 2
57180 1
57185 1
57192 3
57237 1
57249 1
57250 1
57251 2
57257 1
57259 10
57263 2
57268 1
57271 43
57272 1
57274 1
57277 17
57280 2
57281 1
57286 1
57291 1
57304 3
57313 1
57325 1
57326 4
57327 21
57328 1
57330 2
57331 2
57332 3
57333 1
57334 2
57335 2
57336 12
57337 1
57338 1
57341 5
57342 7
57427 2
57439 1
57447 2
57448 1
57467 6
57492 1
57505 8
57506 2
57507 3
57508 3
57510 3
57511 1
57512 1
57513 6
57514 33
57515 5
57518 5
57519 107
57520 324
57521 1
57523 12
57524 7
57525 1
57526 7
57527 54
57530 17
57531 14
57532 26
57533 10
57534 6
57535 59
57536 1
57537 17
57538 19
57541 1
57542 7
57543 3
57544 1
57545 95
57547 39
57548 4
57549 1
57550 14
57552 1
57553 1
57554 9
57555 4
57556 65
57558 10
57559 3
57560 1
57561 2
57563 16
57564 1
57565 1
57567 1
57568 17
57570 11
57572 1
57573 1
57574 2
57575 6
57577 1
57578 2
57583 1
57585 1
57736 1
57740 1
57749 4
57754 1
57762 4
57764 1
57765 1
57766 1
57780 1
57781 1
57782 2
57784 2
57785 7
57789 1
57792 1
57794 4
57797 1
57803 1
57806 2
57811 10
57812 2
57814 1
57815 3
57817 5
57822 1
57823 2
57826 2
57827 2
57828 2
57829 1
57831 1
57836 1
57842 3
57844 2
57847 3
57848 33
57849 1148
57850 1
57853 233
57854 6
57922 1
57924 1
57945 1
57951 10
57956 5
57974 4
57976 2
57979 1
57986 1
57996 1
58001 23
58004 1
58017 11
58018 3
58022 2
58024 2
58025 6
58026 3
58027 2
58028 15
58029 1
58031 4
58038 1
58042 5
58045 29
58046 1
58047 15
58050 1
58051 12
58054 998
58055 3
58056 93
58057 213
58059 3
58060 1
58063 2
58064 1
58066 1
58069 1
58070 1
58072 3
58073 6
58074 7
58075 3
58078 2
58080 1
58081 2
58083 106
58084 77
58085 224
58086 4
58087 2
58088 1
58089 1
58090 1
58091 128
58092 2
58093 6
58094 1
58095 9
58096 9
58097 48
58098 34
58099 10
58100 13
58102 29
58103 1
58104 32
58105 42
58106 5
58108 480
58109 20
58110 6
58180 1
58199 1
58210 2
58213 1
58214 1
58228 1
58244 1
58265 1
58268 1
58273 15
58274 5
58276 11
58277 22
58278 6
58279 5
58280 9
58281 1
58282 4
58283 4
58284 7
58285 26
58286 1
58287 9
58288 12
58289 11
58290 22
58291 1
58292 5
58293 12
58295 1
58296 20
58297 20
58298 5
58299 59
58301 8
58302 6
58303 538
58304 27
58305 84
58307 3
58310 51
58311 1
58312 27
58314 2
58315 6
58317 2
58320 9
58322 3
58323 3
58325 4
58326 86
58327 4
58328 12
58329 38
58330 24
58332 1
58333 1
58334 272
58335 19
58336 8
58342 8
58343 5
58344 1
58345 10
58346 1
58347 13
58348 363
58350 1
58354 9
58356 86
58357 2
58358 44
58359 1
58360 61
58361 3
58362 1
58364 86
58365 1
58366 7
58461 3
58470 1
58475 1
58484 1
58491 1
58501 1
58504 2
58512 3
58529 1
58530 7
58531 6
58532 6
58533 6
58534 56
58535 31
58537 90
58538 15
58539 864
58541 40
58542 1
58543 9
58544 299
58545 1
58548 7
58549 20
58550 110
58551 1209
58552 10
58553 112
58554 2
58556 6
58558 37
58560 6
58564 3
58566 1
58567 17
58568 39
58570 1
58572 28
58573 1
58574 6
58575 1
58576 28
58577 3
58578 1
58579 28
58580 1
58582 76
58583 2
58585 4
58586 4
58587 7
58591 7
58592 2
58593 3
58595 27
58596 1
58599 10
58601 2
58605 4
58613 1
58614 32
58615 1
58617 1
58618 89
58619 686
58620 7
58689 3
58711 10
58716 9
58721 1
58727 1
58745 1
58752 1
58755 1
58756 1
58758 1
58761 1
58779 1
58785 8
58786 11
58788 15
58789 174
58790 5
58791 11
58792 2
58793 139
58795 141
58796 7
58797 139
58798 17
58799 50
58801 1
58802 1
58803 19
58805 210
58807 47
58808 11
58809 1
58810 307
58812 188
58813 1
58815 33
58817 1
58818 308
58819 869
58820 4
58824 30
58825 3
58828 215
58829 10
58831 22
58833 2
58834 1
58835 1
58836 4
58839 2
58840 1
58842 13
58844 1
58845 10
58849 1
58851 2
58852 320
58854 8
58855 136
58856 118
58857 1
58858 32
58859 92
58860 1
58861 1
58862 6
58863 2
58865 11
58866 4
58868 1
58869 1
58871 142
58872 60
58874 2
58875 1
58877 3
58878 5
58957 1
58983 3
58990 1
59041 14
59043 26
59044 1
59047 1
59048 1
59052 2
59053 2
59055 2
59056 2
59057 12
59058 164
59059 8
59066 7
59067 3
59068 1
59069 5
59070 18
59071 2
59072 2
59073 7
59078 6
59079 4
59083 2
59085 39
59086 1
59087 6
59089 628
59093 3
59097 1
59098 1
59100 2
59102 2
59103 3
59104 4
59105 7
59106 549
59107 9
59108 62
59109 122
59110 245
59111 78
59112 1
59113 14
59114 29
59115 55
59116 118
59117 4
59118 3
59119 8
59120 2
59121 49
59122 9
59123 31
59124 190
59125 65
59126 7
59127 1486
59128 43
59129 656
59130 7
59131 70
59132 162
59133 28
59134 83
59218 1
59231 1
59240 1
59244 3
59287 1
59291 1
59292 1
59295 3
59296 1
59297 206
59298 9
59299 7
59300 747
59301 43
59302 17
59303 2
59304 32
59305 12
59306 421
59307 2
59308 35
59309 6
59310 13
59311 344
59312 69
59313 50
59314 51
59315 18
59316 313
59317 17
59318 9
59319 4
59320 11
59321 41
59322 295
59323 1
59325 17
59328 4
59329 2
59330 8
59331 5
59332 5
59333 1
59335 1
59336 10
59337 20
59338 5
59340 15
59342 1
59343 16
59344 15
59346 5
59347 23
59349 1
59350 7
59351 2
59353 1
59354 7
59357 48
59358 6
59359 5
59362 15
59363 3
59364 5
59365 91
59366 2
59367 2
59368 12
59369 1
59371 160
59372 9
59373 8
59374 26
59375 616
59377 15
59378 203
59379 118
59383 2442
59385 14
59386 1
59387 3
59389 2
59390 12
59553 7
59555 3
59557 5
59558 16
59561 1
59562 670
59564 1
59565 4
59566 6
59567 3
59569 4
59570 1
59572 19
59574 1
59575 4
59576 18
59577 9
59578 13
59579 33
59580 2
59583 5
59586 1
59587 9
59588 25
59589 107
59592 25
59595 1
59596 4
59599 3
59600 14
59601 3
59604 4
59606 3
59607 7
59608 5
59609 3
59610 7
59611 6
59612 5
59613 2
59616 6
59617 8
59620 1
59622 4
59625 2
59627 1
59630 1
59631 1
59632 34
59633 1
59634 2
59635 169
59636 9
59638 11
59639 4
59640 18
59641 7
59642 1
59643 3
59644 1
59716 3
59718 8
59720 1
59724 3
59781 1
59798 3
59810 1
59813 4
59817 4
59818 2
59820 1
59823 2
59824 704
59825 2
59826 5
59827 1
59829 2
59832 1
59833 2
59835 1925
59836 10
59837 2
59838 3
59839 823
59840 148
59841 82
59842 2
59843 3
59844 20
59845 557
59846 136
59847 7
59848 1
59849 591
59850 128
59851 14
59852 746
59853 253
59855 443
59857 152
59858 1
59859 4
59861 1
59862 6
59863 148
59864 720
59866 9
59868 1
59869 59
59870 2
59871 3
59878 2
59879 1
59880 1
59881 2
59882 1
59884 7
59886 5
59888 3
59897 11
59900 3
59901 2
60037 11
60046 2
60063 1
60066 1
60067 1
60069 1
60070 1
60073 2
60075 1
60078 1
60080 1
60082 1
60087 4
60092 3
60094 7
60096 6
60099 3
60101 2
60102 3
60104 3
60105 1
60106 38
60109 1
60110 1
60112 1
60116 1
60117 1
60119 4
60121 6
60123 1
60124 1
60125 1
60126 23
60127 2
60128 1
60134 2
60135 1
60142 2
60147 2
60151 4
60152 611
60156 18
60264 1
60278 4
60323 3
60324 4
60325 1
60327 220
60330 17
60331 1
60333 5
60334 11
60335 2
60339 160
60341 25
60342 11
60343 6
60345 5
60346 17
60347 18
60348 9
60349 46
60350 52
60351 615
60352 1
60353 1
60356 13
60357 348
60359 898
60360 34
60361 3
60362 65
60364 64
60365 375
60366 2
60367 1096
60369 1
60371 326
60374 1
60375 12
60376 2
60377 2
60378 316
60379 1
60380 1
60381 14
60383 4
60384 6
60386 16
60387 134
60388 72
60390 7
60391 1
60392 40
60393 3
60395 4
60397 41
60399 6
60401 17
60402 5
60403 6
60404 9
60405 144
60406 2
60407 621
60408 11
60411 59
60412 21
60485 1
60505 1
60511 3
60521 5
60526 1
60527 2
60560 1
60568 1
60579 4
60581 1
60582 1
60583 7
60584 1
60586 1
60589 1
60590 47
60591 1
60592 88
60594 47
60595 6
60596 4
60597 487
60598 12
60601 2
60605 2
60607 2
60610 5
60611 24
60617 1
60620 4
60622 1
60626 1
60627 2
60629 5
60635 3
60640 24
60645 4
60647 3
60649 1
60653 3
60655 1
60657 2
60658 1
60660 4
60664 5
60665 3
60667 1
60669 1
60670 1
60791 1
60804 1
60833 2
60835 2025
60840 1
60843 1
60844 2
60846 12
60849 2
60850 1
60851 1
60852 1
60853 13
60854 1
60856 56
60858 1
60867 1
60870 7
60871 1
60872 171
60874 2
60875 15
60876 4
60878 8
60880 1
60881 1
60882 17
60883 1
60884 8
60885 6
60887 2
60888 2
60890 932
60891 11
60893 11
60897 13
60898 1
60900 13
60901 75
60903 11
60906 1
60907 1
60908 135
60913 75
60914 1
60916 1
60917 11
60919 1
60920 101
60921 3
60922 12
60924 96
60925 41
60997 5
61010 1
61081 1
61089 1
61091 73
61093 3
61094 7
61095 5
61096 3
61098 3
61100 18
61101 3
61103 14
61108 2
61110 16
61111 1
61114 1
61115 12
61117 2
61118 2
61119 28
61120 1
61122 5
61124 2
61125 1
61126 1
61127 93
61128 23
61129 1
61133 1
61134 1
61135 20
61137 1
61138 3
61140 44
61141 1
61142 1
61143 22
61144 24
61145 62
61146 5
61147 4
61148 8
61150 2
61152 1
61153 9
61154 34
61155 1
61156 8
61158 4
61159 6
61160 1
61162 6
61163 2
61164 5
61165 3
61166 5
61168 1
61169 4
61172 3
61174 4
61175 1
61176 1
61177 1
61178 587
61180 1
61181 3
61182 15
61255 4
61260 1
61298 1
61303 5
61345 2
61346 14
61347 3
61349 85
61350 16
61351 2
61352 6
61353 1580
61354 14
61355 8
61358 6
61360 9
61365 2
61368 2
61370 1
61373 144
61375 40
61376 9
61377 1
61378 1
61380 1
61384 6
61387 1
61388 6
61389 1
61390 1
61391 1
61392 68
61395 1
61397 1
61398 2
61400 32
61401 18
61410 1
61418 1
61419 1
61421 1
61424 2
61608 1
61609 2
61617 1
61618 1
61620 215
61622 1
61623 6
61624 1
61626 23
61627 3
61628 12
61630 1
61636 1
61638 24
61643 1
61646 7
61649 2
61650 264
61657 1
61662 8
61663 2
61664 6
61666 3
61667 13
61670 14
61671 3
61672 7
61674 3
61680 1
61683 1
61685 20
61686 9
61687 13
61691 428
61693 14
61768 1
61769 2
61777 2
61816 1
61845 1
61857 32
61859 61
61861 3
61863 50
61865 4
61866 7
61867 265
61869 1
61871 21
61872 3
61878 7
61882 1
61891 1
61893 1
61896 1
61904 2
61908 19
61909 2
61910 1
61912 9
61914 1
61919 7
61920 3
61923 3
61925 1
61930 1
61933 1
61934 4
61937 1
61941 3
61948 2
62021 2
62031 2
62037 1
62070 1
62132 2
62135 1
62136 4
62138 4
62144 30
62147 198
62148 3
62149 3
62150 11
62152 4
62154 5
62155 1
62156 1
62159 23
62161 1
62162 16
62165 1
62166 1
62167 6
62170 3
62171 10
62172 5
62173 9
62174 96
62175 1
62179 327
62180 46
62184 12
62188 1
62191 48
62192 3
62198 1
62200 13
62204 1
62292 4
62373 30
62375 3
62376 1
62377 3
62378 3
62379 1
62382 1
62383 4
62385 1
62387 11
62388 10
62389 9
62390 1
62399 1
62400 1
62401 1
62402 1
62403 580
62404 4
62407 11
62408 1
62411 182
62417 3
62418 8
62419 42
62420 5
62421 1
62422 1
62425 1
62430 23
62431 3
62432 167
62433 64
62434 24
62435 2
62436 15
62437 4
62438 8
62439 3
62440 2
62443 4
62444 1
62445 9
62449 2
62454 1
62459 1
62626 1
62628 5
62631 1
62632 1
62633 1
62642 1
62647 9
62653 1
62658 1
62661 4
62663 3
62664 8
62665 1
62666 2
62669 1
62674 2
62677 2
62681 1
62685 1
62688 1
62696 6
62703 3
62706 1
62707 1
62711 1
62713 1
62716 1
62718 1
62805 1
62884 12
62885 22
62886 87
62887 3
62888 57
62889 903
62890 114
62891 63
62892 83
62893 220
62894 3
62895 1
62896 51
62897 9
62902 1
62905 1
62908 3
62909 3
62911 3
62912 2
62913 92
62915 7
62916 8
62919 153
62920 5
62921 6
62922 2
62924 33
62925 9
62926 2029
62928 1
62930 3
62931 2
62932 1
62933 3
62942 3
62946 8
62947 1
62957 1
62959 50
62962 5
62968 1
62970 5
62971 3
63137 2
63143 1
63144 10
63145 13
63146 1
63147 4
63149 1
63150 3
63151 1
63153 3
63154 1
63165 12
63175 1
63176 2
63178 1
63182 1
63183 1
63188 1
63190 1
63198 2
63199 3
63202 6
63203 3
63206 3
63208 260
63211 307
63212 16
63215 4
63216 1
63217 1
63219 1
63220 9
63221 1
63222 2
63224 3
63307 4
63385 3
63564 1
63568 1
63569 1
63849 2
63853 2
63879 1
64144 3
64352 1
64356 3
64609 4
64648 7
64652 4
64659 1
